1002
9 0.00 0.85
8 61.90 17.65
6 39.25 19.05
8 30.70 16.05
9 20.15 4.60
10 11.10 17.50
7 9.65 6.55
7 38.80 18.55
5 53.65 17.55
6 9.95 8.40
8 50.35 16.05
10 10.90 0.95
9 20.80 1.60
9 56.45 17.90
8 41.50 1.10
9 59.55 16.75
8 12.40 14.50
8 37.80 18.15
9 -0.35 17.65
7 21.75 17.15
10 21.75 11.65
8 12.40 15.85
6 10.20 8.15
8 8.05 17.25
8 55.60 17.45
9 -2.05 -0.80
9 20.30 8.55
10 62.45 6.10
10 20.55 14.45
9 40.30 17.05
6 60.90 8.80
6 10.65 15.20
10 42.40 16.80
8 8.85 14.65
7 57.15 17.85
9 35.70 18.45
8 42.45 9.75
10 42.00 10.95
8 61.15 6.20
5 12.60 13.95
9 28.00 5.95
8 9.30 18.25
9 0.70 -0.80
10 41.25 16.85
9 39.25 0.85
7 10.15 5.70
9 35.00 18.15
7 11.10 15.10
10 22.55 16.80
7 11.90 12.85
9 31.95 10.35
6 60.45 2.00
8 13.30 -2.55
9 4.85 -0.25
9 51.50 15.30
10 30.85 5.35
10 1.60 2.10
9 42.80 10.50
7 59.85 11.55
7 12.80 17.75
8 -1.10 2.30
8 1.30 -0.35
9 51.10 15.40
6 52.00 6.80
9 -1.80 2.10
7 49.95 0.95
7 0.30 -0.35
7 24.25 0.40
6 11.00 11.40
8 37.60 18.45
8 50.65 12.55
8 50.25 15.60
7 11.40 13.65
8 34.95 16.50
8 10.30 11.90
10 60.65 14.20
10 21.10 -0.70
7 48.75 17.80
7 11.30 2.65
9 11.70 5.20
8 12.25 17.65
9 51.10 12.55
10 60.60 10.00
6 42.60 1.45
8 6.90 -0.55
7 52.20 6.05
8 63.65 17.50
9 9.70 18.75
8 41.65 3.70
8 62.50 17.50
8 31.75 4.45
8 18.55 19.05
10 38.15 18.80
8 59.95 1.70
8 54.70 17.70
9 20.20 10.80
7 54.90 18.95
9 38.50 17.80
8 6.45 16.30
7 33.50 18.40
7 51.90 7.40
10 16.20 -2.35
8 28.40 5.95
10 41.05 13.30
9 7.00 16.20
9 24.05 -0.15
9 20.30 18.80
8 39.80 18.65
8 -0.55 0.00
9 42.25 9.50
7 19.15 -1.60
7 -0.15 -1.55
9 42.70 1.80
10 9.10 3.85
9 1.55 6.40
9 -2.45 1.15
7 30.30 6.70
7 25.65 17.95
7 59.40 17.60
8 29.55 1.35
7 16.70 18.55
9 48.70 0.85
6 12.85 14.10
6 10.75 14.95
9 34.80 0.55
8 21.05 18.40
8 23.80 17.80
8 41.70 17.65
11 34.95 17.85
7 -3.75 -0.45
9 61.55 17.85
7 45.95 16.50
5 19.05 -1.65
9 37.55 17.15
9 22.30 18.35
10 24.30 17.20
7 31.30 5.60
9 12.00 2.45
11 59.75 16.20
7 30.40 1.30
10 11.45 0.80
10 35.80 16.85
9 41.30 1.05
7 29.35 15.85
8 60.80 12.30
7 10.45 14.60
9 7.60 18.05
8 39.85 0.60
8 41.40 15.40
9 30.90 14.15
6 36.10 16.75
6 19.20 13.95
8 30.20 0.00
7 49.85 0.85
10 61.65 7.05
8 61.75 1.35
9 50.85 2.25
8 30.40 7.05
6 49.75 1.15
7 -3.80 -0.80
10 42.55 14.95
9 19.10 5.60
6 10.10 15.75
8 43.05 16.60
9 18.75 14.70
8 57.00 18.35
8 45.55 0.85
5 10.00 13.05
10 51.65 11.60
7 33.15 18.05
8 29.30 13.85
7 32.00 -0.15
7 24.30 1.05
5 10.40 13.35
9 5.10 16.70
9 17.70 18.75
8 31.10 3.20
10 41.95 5.45
10 18.95 4.50
8 3.90 -0.55
6 11.85 4.85
9 11.10 15.35
7 10.80 11.90
8 61.45 2.85
7 39.75 18.45
10 27.50 -0.85
9 7.60 0.15
6 12.55 18.00
9 42.25 3.75
9 20.60 12.65
7 39.15 17.50
6 10.05 6.25
8 35.30 16.70
8 62.90 18.00
8 19.90 2.95
9 35.95 16.30
8 36.10 17.15
8 50.45 8.10
8 20.55 9.75
3 49.60 17.40
7 10.45 10.55
8 61.85 0.60
4 39.20 18.85
8 34.10 0.60
10 21.05 -0.20
8 63.15 17.85
7 44.60 17.95
8 41.55 7.10
9 5.75 0.35
8 56.95 19.25
9 24.90 18.40
8 61.60 6.20
10 20.60 13.15
8 29.90 16.75
10 31.90 15.90
7 51.65 16.50
11 20.05 14.20
7 59.65 17.00
9 9.00 10.60
8 30.75 16.60
10 31.40 1.05
9 33.65 16.10
10 17.45 19.30
9 10.25 9.50
5 38.25 16.65
11 34.00 17.35
9 41.10 3.85
10 -1.15 0.55
11 39.75 16.70
8 61.05 4.40
8 11.50 17.95
7 11.10 7.05
9 27.90 0.20
7 36.00 0.75
10 11.75 15.05
9 10.65 10.00
8 59.75 2.95
8 42.50 7.10
7 51.40 14.55
8 54.45 18.10
11 56.75 17.25
8 26.45 0.40
8 44.50 17.20
9 10.15 14.70
7 57.75 1.40
9 20.45 10.95
9 25.30 0.90
7 18.70 -1.90
8 4.05 16.80
7 29.70 1.25
5 60.90 11.45
11 13.95 -2.15
6 52.55 5.70
2 10.45 12.95
8 10.05 2.80
8 11.50 18.25
5 -0.35 -1.50
9 21.10 17.80
7 59.60 14.70
7 5.90 16.20
9 9.90 5.15
10 29.85 7.25
8 59.95 10.40
8 50.95 4.80
8 60.85 6.55
7 11.90 18.10
10 50.80 17.65
9 29.30 4.25
9 1.80 16.60
11 41.75 1.80
6 28.30 -0.70
8 10.55 8.00
5 53.50 17.80
9 24.20 16.50
7 31.55 -0.25
8 43.10 16.60
10 50.10 13.50
9 4.60 17.10
9 41.80 7.75
7 57.50 17.75
10 29.75 15.15
7 44.80 18.15
9 9.15 0.50
8 60.60 2.35
9 52.30 2.05
8 11.40 5.90
9 11.70 0.30
9 20.10 0.15
7 9.40 14.00
7 39.15 18.70
9 41.75 11.50
8 41.30 8.45
8 19.75 3.05
6 50.70 8.90
9 61.00 13.55
7 12.35 18.30
9 19.25 3.55
8 6.30 0.00
6 4.25 17.20
9 61.10 5.15
8 40.95 12.65
5 15.40 18.35
11 40.90 16.35
8 20.45 2.85
7 56.80 18.00
11 61.40 1.75
10 38.90 18.65
9 31.85 6.10
5 57.35 17.15
5 9.20 14.10
10 1.50 11.00
10 21.60 17.20
7 20.05 15.50
8 28.10 -0.85
10 0.20 2.90
4 49.60 17.65
10 21.00 17.50
6 50.05 17.60
8 42.05 14.55
9 31.20 1.20
7 61.05 9.15
8 21.65 0.75
8 30.95 -0.95
8 31.90 11.95
8 19.90 6.90
8 11.30 11.85
8 13.70 14.65
9 30.70 1.65
7 55.15 17.40
9 50.85 3.90
10 10.70 7.00
9 29.75 4.85
5 53.50 17.85
9 4.90 16.60
7 7.15 18.10
8 29.50 3.15
9 26.15 -0.85
9 -3.05 0.15
9 46.05 16.60
10 10.25 2.15
12 60.40 1.50
9 61.75 17.65
9 46.90 17.80
10 41.90 9.10
6 52.15 18.80
7 12.75 14.20
8 21.10 5.65
9 52.45 3.60
10 9.00 18.45
9 60.15 2.35
8 42.45 7.05
8 12.65 -0.75
8 55.15 17.00
11 41.90 5.70
10 26.75 16.60
8 18.65 13.30
9 29.85 0.35
6 24.60 0.75
8 19.25 13.90
9 2.95 16.40
9 23.85 17.05
11 24.50 0.10
8 9.65 8.15
13 29.80 15.20
7 59.25 12.40
6 9.05 13.75
10 20.65 17.05
8 3.05 16.20
9 59.75 11.70
7 50.70 9.05
9 2.30 -0.30
8 45.85 0.85
7 57.00 18.40
8 52.65 19.20
7 20.00 7.10
10 41.70 1.45
8 25.95 -0.45
6 19.85 7.60
10 20.65 6.75
7 41.00 15.10
7 41.80 3.40
8 33.35 1.00
8 21.10 12.15
7 29.20 1.85
5 20.00 7.25
10 55.30 18.00
12 35.05 17.05
9 41.45 11.90
9 10.45 10.90
5 57.95 19.30
9 50.85 11.90
9 -0.65 2.20
7 20.35 9.15
10 51.05 16.40
8 19.30 13.90
7 6.05 16.50
10 51.75 12.85
6 29.20 1.70
6 52.65 2.05
10 30.15 3.60
10 59.50 1.40
6 51.50 10.95
8 18.90 14.20
8 9.45 17.90
9 11.40 2.05
7 25.95 18.80
8 9.05 17.70
12 30.65 4.25
5 53.45 12.45
10 30.95 13.35
9 21.95 0.50
7 28.70 -0.75
11 50.50 0.80
7 22.75 -0.45
4 61.00 11.45
7 4.00 -0.50
6 48.60 17.20
6 47.35 17.95
11 33.35 16.70
9 31.20 7.85
8 12.05 4.70
8 60.65 2.30
10 8.90 0.05
9 22.00 17.85
7 9.05 15.00
6 59.20 12.55
7 62.65 17.70
9 21.25 1.20
10 23.80 -0.05
8 59.20 17.15
8 23.50 18.05
8 5.50 16.30
11 43.25 17.15
8 51.30 10.20
7 33.55 11.70
11 60.45 1.05
6 8.80 8.45
9 10.35 9.40
9 50.55 7.90
9 18.85 -2.45
10 0.70 2.10
10 45.00 0.55
9 51.00 4.70
7 28.25 -0.35
11 60.10 5.55
10 28.95 16.15
8 30.05 6.75
7 39.60 17.45
9 1.65 6.95
9 42.70 17.50
8 10.20 16.80
7 25.70 1.05
7 48.50 0.95
5 49.40 17.55
7 17.00 13.95
5 11.00 11.85
6 30.50 -0.75
13 30.60 1.95
8 11.35 2.70
9 10.85 11.00
8 29.90 13.65
9 10.40 -0.80
10 31.85 4.70
10 49.70 16.75
10 9.85 0.05
7 47.40 17.45
10 20.05 4.15
8 54.10 17.45
10 61.05 1.25
10 59.70 10.00
14 29.75 5.70
8 29.05 14.25
8 52.35 6.10
5 8.00 11.70
11 51.15 1.25
8 9.25 1.90
9 39.90 18.00
7 49.50 17.70
9 60.00 6.50
6 50.40 8.75
15 29.70 0.45
8 11.20 16.35
9 4.00 17.30
8 38.50 0.35
7 55.50 18.40
7 1.50 0.20
11 11.30 1.55
9 21.40 0.85
11 9.60 7.10
9 53.15 6.25
8 19.60 -0.35
4 66.75 17.25
12 41.85 2.40
10 44.55 1.00
7 10.30 10.55
6 17.00 18.40
11 29.20 7.40
9 5.00 -0.40
9 31.30 4.25
8 10.15 2.75
9 50.80 11.65
5 49.00 17.50
11 7.50 16.55
6 9.95 19.00
7 9.50 6.60
9 1.20 15.50
5 20.75 18.60
6 50.90 8.45
12 8.10 16.75
8 41.85 4.10
10 43.00 1.10
9 14.65 14.25
6 40.00 18.60
8 61.00 0.95
7 52.70 12.00
10 60.45 17.75
6 46.00 18.70
10 8.75 17.65
9 36.90 16.80
13 10.90 16.95
10 10.10 -0.20
8 51.00 18.50
9 25.70 0.80
9 57.25 17.75
9 60.10 3.05
8 12.55 4.00
9 59.65 11.30
8 46.60 1.05
8 51.30 10.55
9 32.15 -0.60
8 1.15 15.40
11 51.85 3.50
8 33.10 18.05
11 9.90 15.15
8 12.15 14.35
10 30.55 15.70
9 31.75 14.50
9 40.35 17.00
9 9.20 5.45
7 20.40 7.30
8 60.85 9.45
7 16.55 18.35
10 41.85 10.05
10 21.15 11.25
12 10.25 17.65
8 40.55 12.05
6 21.70 16.85
6 1.45 11.50
3 12.85 15.70
5 44.90 18.10
10 20.55 1.50
7 31.75 5.35
7 18.65 18.85
7 55.05 18.60
8 -0.90 0.30
6 10.95 9.30
9 29.10 6.35
8 51.45 16.35
10 32.35 16.60
7 60.60 11.30
7 20.20 7.75
6 57.70 17.15
6 53.75 6.65
8 44.70 17.20
6 -0.05 17.30
10 42.40 14.05
7 30.30 16.95
9 32.85 0.40
8 31.10 6.45
8 45.85 0.65
6 18.95 13.70
9 17.10 13.45
10 42.15 6.55
5 18.35 12.80
9 23.30 16.65
8 24.95 18.05
7 54.30 19.10
5 11.55 13.85
9 59.95 8.55
10 60.65 17.25
8 36.30 0.45
9 60.40 7.50
11 19.85 -0.65
5 26.30 18.90
3 44.15 11.95
9 51.80 11.15
9 20.35 -0.15
11 31.35 4.85
8 2.85 17.05
8 19.10 0.10
10 14.65 -1.30
5 18.80 12.90
10 19.45 4.20
5 58.30 18.55
5 29.50 3.95
14 31.05 0.65
7 25.05 16.25
8 61.15 8.70
6 53.50 5.85
6 38.80 0.50
7 60.50 3.45
14 19.60 13.45
9 -1.15 1.75
6 4.75 17.85
7 26.20 0.50
6 38.60 16.60
9 5.50 17.05
9 30.05 1.30
9 10.00 8.55
7 55.80 17.75
8 18.70 -1.35
6 41.35 15.10
8 50.10 6.10
11 -1.05 -0.45
8 9.70 4.80
9 24.50 -0.60
10 10.65 4.85
9 41.65 6.75
7 1.35 11.50
4 38.60 16.30
6 20.50 8.85
8 15.75 13.75
9 8.30 17.65
8 -1.80 -0.50
4 52.85 12.40
9 12.00 3.65
13 -1.85 0.50
10 10.45 2.40
5 39.20 19.35
12 55.80 18.55
6 14.05 14.40
6 36.90 18.35
4 20.10 16.25
7 60.75 11.70
9 37.80 17.00
5 48.60 17.50
6 16.00 13.85
8 40.70 17.50
7 43.05 3.15
10 30.60 -0.40
7 47.25 17.55
7 9.30 8.30
11 50.75 17.05
8 0.55 16.60
7 19.10 11.95
11 60.20 12.25
11 -2.15 0.55
8 9.80 16.15
11 4.35 17.00
8 60.60 8.45
13 10.80 8.45
11 59.70 11.25
8 14.55 14.40
10 11.00 4.15
8 25.60 18.40
9 10.30 4.60
10 19.15 3.90
5 31.60 2.65
7 61.20 4.85
5 61.60 0.65
7 32.15 11.85
8 16.15 14.20
8 15.10 14.55
6 41.10 8.00
8 9.75 5.85
9 8.20 18.15
9 15.55 -1.70
9 57.70 17.55
10 60.35 11.30
11 50.90 1.35
12 0.85 16.30
6 60.70 11.10
9 10.55 7.80
8 41.05 14.65
3 57.80 0.90
8 20.70 12.00
7 49.80 1.15
6 51.85 7.10
11 -0.90 1.05
8 14.65 -1.90
6 41.15 18.00
8 60.35 3.90
11 42.55 1.60
9 61.75 6.10
7 50.90 4.80
7 27.95 0.35
8 18.55 -1.70
9 23.20 0.75
9 8.65 13.25
8 51.35 8.65
12 60.65 17.65
9 20.00 8.05
9 52.40 18.05
9 52.00 2.55
10 59.65 15.60
10 37.95 1.00
7 -0.10 -0.60
12 -0.05 1.20
6 20.35 2.65
7 31.70 2.00
10 11.15 13.95
7 11.45 2.20
10 51.70 6.95
11 42.60 10.70
9 31.70 0.05
4 58.55 12.70
9 0.55 3.20
11 51.00 2.25
5 32.10 5.25
8 60.90 15.85
6 13.30 15.85
9 0.85 -0.50
10 24.60 0.60
10 29.20 6.55
7 23.75 -0.70
6 32.55 6.00
6 63.35 17.55
7 20.30 13.70
8 14.85 -2.25
5 8.05 11.65
6 22.00 16.45
6 7.10 -0.15
7 -2.30 1.70
6 57.20 16.95
7 11.55 14.05
13 54.85 18.00
9 10.20 3.65
11 43.85 1.05
5 66.45 18.00
8 29.35 -0.80
9 20.70 9.70
7 23.15 16.15
8 22.90 0.00
12 31.20 13.40
13 30.70 14.85
7 51.60 16.60
10 19.85 0.60
7 55.05 18.80
10 41.00 7.35
5 61.40 3.30
10 18.15 18.60
1 10.40 13.00
7 11.10 7.80
10 10.50 4.40
10 13.60 -2.55
5 41.10 12.50
10 9.30 6.10
4 40.15 6.15
6 32.05 5.30
10 10.95 11.10
3 57.20 1.15
6 19.65 5.60
9 41.30 9.25
11 51.45 1.55
8 50.20 6.35
9 62.75 17.40
9 0.50 1.60
8 40.50 1.00
8 9.10 12.20
2 66.60 17.25
10 43.35 0.50
7 10.35 13.35
6 19.00 -2.20
6 51.70 14.15
7 35.40 0.35
4 19.25 -1.90
7 59.30 12.30
9 24.55 0.85
2 66.45 17.10
6 3.20 17.65
11 20.60 17.70
8 15.05 -2.05
8 51.70 6.75
3 61.60 12.65
7 26.20 0.25
8 41.30 5.70
12 10.50 5.95
10 47.95 17.75
7 15.65 13.60
8 31.70 1.60
11 -1.75 0.65
7 21.15 2.65
6 34.65 16.30
9 1.00 17.00
9 20.95 9.70
5 -4.35 -0.20
6 1.15 -0.10
7 42.80 9.60
11 59.75 9.30
9 9.95 3.35
10 5.30 -0.65
11 30.55 -0.20
13 29.95 6.35
7 35.60 0.55
8 11.00 -0.70
8 5.40 16.90
7 47.90 18.10
8 11.20 -0.70
9 60.40 12.80
10 17.35 18.35
5 29.95 8.10
7 47.45 17.10
7 54.05 17.55
10 42.30 15.40
3 46.35 16.50
10 60.70 6.60
11 23.70 0.30
8 33.55 17.35
9 34.00 18.05
6 11.10 11.65
10 50.85 10.80
10 9.95 17.70
11 30.75 14.00
12 10.80 14.45
7 65.40 18.55
9 0.75 1.85
6 0.20 4.45
8 1.15 1.25
6 49.30 17.30
10 10.60 12.75
9 19.90 2.90
7 41.45 12.00
7 10.55 14.50
10 37.45 17.70
9 28.85 5.90
13 0.20 0.30
11 41.65 6.70
7 0.90 1.15
7 32.15 9.55
6 23.55 18.35
8 3.25 0.30
9 20.60 7.25
7 26.30 0.55
10 42.30 2.85
7 31.50 6.90
4 15.85 18.20
7 39.35 18.90
9 2.00 0.30
8 26.05 18.15
8 42.90 10.00
5 1.85 11.55
9 23.55 17.50
10 29.05 6.55
5 3.05 0.10
10 50.75 6.25
10 10.10 13.65
11 0.20 -0.35
5 59.65 15.05
11 1.45 16.40
8 13.10 -2.65
7 32.35 5.05
13 51.15 11.70
10 42.55 1.05
10 20.20 10.20
5 12.80 -2.65
7 9.75 11.60
6 18.75 18.60
9 30.10 13.80
10 36.45 17.20
5 8.90 3.30
12 12.35 17.10
7 20.30 9.25
6 19.00 18.60
14 10.20 11.70
10 50.35 16.45
11 43.65 1.05
6 52.35 18.60
7 1.50 14.40
7 42.80 6.70
11 30.15 1.40
6 53.75 5.60
8 31.55 3.80
6 9.20 1.55
11 0.80 -0.20
10 46.80 16.85
6 9.80 6.30
6 60.10 14.90
7 11.95 13.25
7 -2.15 1.50
8 21.75 -0.65
8 34.40 0.35
11 10.95 3.60
8 47.40 17.60
7 27.75 16.95
12 13.35 14.85
7 30.25 4.85
8 50.00 16.85
8 59.40 17.95
9 1.40 2.85
5 32.90 16.10
6 18.40 4.25
14 -2.05 -0.05
7 30.00 4.85
8 1.05 17.60
12 10.10 1.00
11 29.95 13.85
6 54.35 19.25
8 47.35 17.45
7 12.65 13.05
12 -1.45 0.90
9 48.05 17.05
9 9.85 8.75
6 27.65 16.70
9 11.60 4.55
9 60.45 9.20
1 43.95 6.25
3 15.10 18.25
11 10.90 3.80
6 12.35 4.05
9 53.40 19.10
9 4.40 -0.60
3 58.20 18.65
11 51.55 5.00
9 51.10 2.25
17 51.35 6.20
3 48.80 18.45
8 0.15 -0.75
8 35.65 1.10
7 20.65 9.85
11 13.15 -1.70
3 59.10 5.75
10 18.55 13.50
9 13.15 13.75
11 51.30 13.05
6 0.95 3.95
9 12.00 13.90
5 46.00 18.30
8 -0.50 0.45
5 1.50 12.05
9 19.55 5.40
7 60.25 15.20
7 20.20 9.15
6 4.70 17.80
10 20.20 18.45
9 7.25 16.80
6 3.60 17.50
2 48.85 18.45
10 20.05 6.45
4 -1.65 2.25
4 33.30 18.40
8 8.75 15.80
7 10.05 10.65
7 53.55 17.80
6 40.10 0.90
5 60.25 14.90
9 43.95 0.50
12 2.25 17.45
8 50.90 14.20
7 59.75 17.40
11 5.65 0.00
4 48.50 17.45
4 11.55 2.55
10 31.45 -0.40
10 52.30 17.35
9 29.80 16.75
8 8.50 16.35
11 52.25 5.55
10 52.45 5.70
8 43.20 16.55
12 10.30 6.55
8 11.55 0.00
10 26.40 17.30
7 18.95 14.25
9 29.00 15.30
4 20.95 5.85
10 36.75 0.60
7 17.60 14.15
7 56.10 17.35
7 46.50 1.00
10 21.15 18.15
8 8.45 16.30
3 8.25 11.85
4 13.10 15.75
5 32.15 3.65
11 35.80 17.55
13 30.30 13.20
6 41.40 12.40
7 19.00 -1.20
4 33.10 11.75
10 25.30 17.80
10 12.90 15.00
8 17.70 -1.55
10 44.45 17.00
7 60.25 8.75
10 51.85 6.85
10 -2.80 0.20
4 55.00 19.00
5 19.60 12.35
6 28.25 16.80
5 30.90 16.45
8 41.25 7.95
9 50.60 12.50
11 33.60 17.20
7 9.10 16.40
4 2.45 0.10
8 33.90 18.15
12 60.25 2.10
6 51.10 2.65
2 8.40 11.55
8 39.85 16.45
7 6.30 0.25
6 49.75 17.65
4071
0 108 
0 227 
0 554 
0 678 
0 756 
0 825 
0 827 
0 846 
0 927 
1 89 
1 193 
1 205 
1 426 
1 515 
1 579 
1 690 
1 755 
2 7 
2 92 
2 107 
2 184 
2 306 
2 512 
3 213 
3 214 
3 219 
3 280 
3 363 
3 566 
3 734 
3 954 
4 161 
4 178 
4 296 
4 346 
4 592 
4 656 
4 751 
4 929 
4 964 
5 80 
5 230 
5 255 
5 265 
5 450 
5 481 
5 519 
5 544 
5 811 
5 860 
6 45 
6 330 
6 488 
6 664 
6 746 
6 776 
6 959 
7 92 
7 97 
7 107 
7 184 
7 628 
7 836 
8 94 
8 239 
8 692 
8 725 
8 953 
9 223 
9 271 
9 437 
9 641 
9 650 
9 672 
10 54 
10 62 
10 393 
10 463 
10 557 
10 642 
10 735 
10 886 
11 140 
11 286 
11 339 
11 404 
11 464 
11 486 
11 520 
11 701 
11 894 
11 960 
12 303 
12 321 
12 410 
12 427 
12 487 
12 698 
12 736 
12 781 
12 820 
13 24 
13 34 
13 165 
13 240 
13 372 
13 523 
13 609 
13 629 
13 967 
14 83 
14 112 
14 269 
14 492 
14 682 
14 757 
14 852 
14 943 
15 118 
15 138 
15 429 
15 515 
15 579 
15 690 
15 694 
15 887 
15 948 
16 39 
16 122 
16 234 
16 724 
16 884 
16 922 
16 925 
16 980 
17 92 
17 97 
17 133 
17 289 
17 306 
17 631 
17 634 
17 823 
18 268 
18 505 
18 530 
18 643 
18 670 
18 783 
18 848 
18 893 
18 946 
19 48 
19 257 
19 316 
19 366 
19 423 
19 770 
19 969 
20 95 
20 189 
20 212 
20 245 
20 382 
20 543 
20 675 
20 784 
20 853 
20 918 
21 181 
21 234 
21 481 
21 710 
21 860 
21 884 
21 972 
21 980 
22 362 
22 488 
22 641 
22 650 
22 742 
22 901 
23 146 
23 406 
23 502 
23 508 
23 517 
23 665 
23 955 
23 970 
24 94 
24 352 
24 385 
24 484 
24 629 
24 725 
24 967 
25 227 
25 337 
25 554 
25 613 
25 626 
25 646 
25 780 
25 891 
25 985 
26 198 
26 377 
26 392 
26 539 
26 560 
26 691 
26 730 
26 861 
26 931 
27 38 
27 154 
27 211 
27 229 
27 264 
27 299 
27 444 
27 658 
27 683 
27 805 
28 151 
28 212 
28 216 
28 312 
28 358 
28 394 
28 402 
28 601 
28 717 
28 962 
29 43 
29 190 
29 228 
29 302 
29 447 
29 476 
29 637 
29 680 
29 999 
30 82 
30 540 
30 578 
30 581 
30 788 
30 904 
31 145 
31 162 
31 234 
31 243 
31 533 
31 813 
32 43 
32 127 
32 148 
32 163 
32 275 
32 302 
32 432 
32 449 
32 803 
32 958 
33 145 
33 243 
33 288 
33 309 
33 365 
33 533 
33 688 
33 940 
34 165 
34 240 
34 308 
34 372 
34 561 
34 667 
35 46 
35 128 
35 141 
35 150 
35 196 
35 386 
35 631 
35 858 
35 974 
36 37 
36 57 
36 291 
36 343 
36 542 
36 703 
36 752 
36 839 
37 57 
37 109 
37 290 
37 387 
37 542 
37 703 
37 787 
37 821 
37 839 
38 154 
38 299 
38 444 
38 478 
38 658 
38 683 
38 805 
39 534 
39 577 
39 877 
39 898 
40 267 
40 331 
40 470 
40 496 
40 556 
40 713 
40 792 
40 824 
40 842 
41 87 
41 406 
41 503 
41 517 
41 544 
41 622 
41 665 
41 811 
42 61 
42 66 
42 111 
42 696 
42 786 
42 825 
42 846 
42 873 
42 916 
43 127 
43 148 
43 228 
43 302 
43 537 
43 637 
43 680 
43 999 
44 142 
44 147 
44 375 
44 483 
44 599 
44 695 
44 757 
44 943 
44 965 
45 191 
45 260 
45 538 
45 746 
45 875 
45 959 
46 99 
46 192 
46 196 
46 225 
46 386 
46 808 
46 974 
46 995 
47 145 
47 234 
47 243 
47 700 
47 724 
47 813 
47 822 
48 134 
48 311 
48 360 
48 423 
48 546 
48 574 
48 720 
48 731 
48 841 
49 72 
49 325 
49 577 
49 700 
49 724 
49 898 
49 925 
50 323 
50 409 
50 419 
50 434 
50 660 
50 733 
50 828 
50 975 
50 978 
51 93 
51 305 
51 340 
51 435 
51 468 
51 524 
52 251 
52 351 
52 590 
52 679 
52 718 
52 771 
52 854 
52 919 
53 179 
53 208 
53 297 
53 415 
53 790 
53 830 
53 910 
53 949 
53 1000 
54 71 
54 215 
54 238 
54 393 
54 557 
54 735 
54 763 
54 947 
55 136 
55 407 
55 462 
55 470 
55 498 
55 551 
55 568 
55 587 
55 885 
55 892 
56 314 
56 440 
56 697 
56 706 
56 756 
56 815 
56 817 
56 827 
56 837 
56 888 
57 109 
57 290 
57 343 
57 387 
57 542 
57 787 
57 839 
58 364 
58 559 
58 633 
58 645 
58 668 
58 671 
58 766 
59 80 
59 230 
59 255 
59 265 
59 295 
59 710 
59 860 
60 64 
60 314 
60 602 
60 678 
60 697 
60 722 
60 878 
60 899 
61 66 
61 370 
61 485 
61 837 
61 846 
61 873 
61 916 
62 71 
62 215 
62 238 
62 393 
62 557 
62 735 
62 864 
62 947 
63 85 
63 100 
63 252 
63 472 
63 914 
63 957 
64 115 
64 391 
64 602 
64 678 
64 722 
64 780 
64 878 
64 899 
65 121 
65 156 
65 412 
65 452 
65 474 
65 669 
65 753 
66 108 
66 711 
66 786 
66 825 
66 873 
67 105 
67 172 
67 428 
67 615 
67 687 
67 767 
67 806 
68 74 
68 182 
68 200 
68 325 
68 388 
68 863 
69 92 
69 97 
69 133 
69 289 
69 306 
69 631 
69 634 
69 823 
70 168 
70 276 
70 390 
70 396 
70 500 
70 851 
70 923 
70 947 
71 393 
71 463 
71 557 
71 642 
71 864 
71 947 
72 173 
72 534 
72 761 
72 813 
72 877 
72 925 
73 128 
73 141 
73 150 
73 195 
73 196 
73 225 
73 386 
73 974 
74 325 
74 388 
74 455 
74 749 
74 809 
74 819 
74 855 
75 258 
75 294 
75 694 
75 709 
75 773 
75 798 
75 847 
75 876 
75 930 
75 944 
76 204 
76 287 
76 321 
76 410 
76 413 
76 487 
76 490 
76 582 
76 586 
76 879 
77 416 
77 453 
77 477 
77 777 
77 818 
77 915 
77 936 
78 137 
78 339 
78 404 
78 486 
78 499 
78 627 
78 881 
79 285 
79 420 
79 525 
79 616 
79 653 
79 743 
79 776 
79 903 
79 908 
80 230 
80 255 
80 265 
80 295 
80 481 
80 519 
81 168 
81 276 
81 390 
81 396 
81 500 
81 585 
81 851 
81 923 
81 991 
82 262 
82 320 
82 469 
82 540 
82 559 
82 671 
82 788 
82 904 
82 983 
83 269 
83 375 
83 492 
83 510 
83 865 
84 186 
84 208 
84 297 
84 422 
84 497 
84 790 
84 949 
84 1000 
85 489 
85 702 
85 772 
85 914 
85 956 
85 984 
86 89 
86 130 
86 193 
86 205 
86 341 
86 426 
86 755 
86 814 
87 348 
87 403 
87 406 
87 517 
87 544 
87 622 
87 665 
87 811 
88 177 
88 188 
88 226 
88 269 
88 353 
88 492 
88 638 
88 833 
89 130 
89 193 
89 205 
89 341 
89 690 
89 716 
90 407 
90 551 
90 587 
90 708 
90 748 
90 850 
90 871 
90 973 
91 106 
91 175 
91 222 
91 495 
91 740 
91 799 
91 862 
91 933 
92 97 
92 202 
92 289 
92 306 
92 628 
92 836 
93 236 
93 283 
93 349 
93 400 
93 421 
93 435 
93 468 
94 328 
94 352 
94 385 
94 467 
94 553 
94 802 
95 198 
95 543 
95 644 
95 675 
95 730 
95 784 
95 853 
95 861 
96 239 
96 385 
96 484 
96 576 
96 629 
96 725 
96 896 
97 133 
97 190 
97 306 
97 634 
97 823 
98 104 
98 174 
98 333 
98 431 
98 502 
98 606 
98 795 
98 934 
99 128 
99 225 
99 532 
99 807 
99 808 
99 992 
100 438 
100 472 
100 689 
100 772 
100 914 
100 984 
101 247 
101 251 
101 590 
101 666 
101 679 
101 686 
101 718 
101 744 
101 771 
101 981 
102 331 
102 446 
102 470 
102 496 
102 556 
102 713 
102 792 
102 842 
103 300 
103 318 
103 379 
103 387 
103 545 
103 565 
103 673 
103 745 
103 821 
103 976 
104 259 
104 395 
104 431 
104 502 
104 508 
104 934 
104 955 
104 970 
105 357 
105 361 
105 615 
105 712 
105 714 
105 732 
105 767 
105 806 
106 125 
106 257 
106 316 
106 552 
106 770 
106 856 
106 862 
106 969 
107 202 
107 289 
107 306 
107 476 
107 628 
107 836 
108 227 
108 613 
108 696 
108 825 
108 846 
108 916 
109 291 
109 343 
109 542 
109 703 
109 752 
109 787 
109 839 
110 247 
110 439 
110 490 
110 582 
110 610 
110 686 
110 762 
111 613 
111 696 
111 711 
111 846 
111 873 
111 916 
112 269 
112 375 
112 492 
112 510 
112 727 
112 833 
112 852 
112 865 
113 254 
113 260 
113 499 
113 538 
113 614 
113 655 
113 726 
113 743 
113 789 
113 859 
114 310 
114 314 
114 440 
114 448 
114 706 
114 815 
114 816 
114 888 
114 924 
115 337 
115 626 
115 646 
115 722 
115 780 
115 891 
115 899 
115 985 
116 261 
116 470 
116 556 
116 568 
116 713 
116 834 
116 842 
117 135 
117 210 
117 354 
117 405 
117 575 
117 583 
117 961 
118 138 
118 217 
118 515 
118 579 
118 593 
118 690 
119 139 
119 327 
119 356 
119 383 
119 457 
119 480 
119 607 
119 869 
120 175 
120 222 
120 301 
120 740 
120 799 
120 835 
120 906 
121 153 
121 158 
121 412 
121 474 
121 527 
121 669 
121 676 
121 968 
122 326 
122 534 
122 884 
122 898 
122 925 
123 162 
123 181 
123 234 
123 243 
123 533 
123 813 
124 203 
124 233 
124 381 
124 567 
124 580 
124 764 
124 793 
124 917 
124 965 
125 134 
125 257 
125 311 
125 316 
125 423 
125 770 
125 933 
126 135 
126 210 
126 273 
126 360 
126 574 
126 575 
126 829 
126 979 
127 163 
127 302 
127 432 
127 449 
127 537 
127 680 
128 141 
128 192 
128 196 
128 225 
128 386 
128 808 
128 974 
128 995 
129 337 
129 623 
129 626 
129 646 
129 785 
129 891 
129 985 
130 193 
130 205 
130 426 
130 515 
130 579 
130 690 
130 755 
131 242 
131 563 
131 640 
131 801 
131 874 
131 897 
131 982 
132 439 
132 582 
132 686 
132 762 
132 981 
133 224 
133 518 
133 605 
133 619 
133 823 
133 858 
134 311 
134 316 
134 423 
134 430 
134 829 
134 841 
134 969 
135 210 
135 273 
135 430 
135 574 
135 575 
135 596 
135 841 
135 979 
136 307 
136 462 
136 568 
136 587 
136 748 
136 850 
137 404 
137 458 
137 486 
137 625 
137 627 
137 701 
137 881 
137 908 
138 217 
138 429 
138 579 
138 694 
138 709 
138 847 
138 876 
138 930 
138 948 
139 220 
139 249 
139 319 
139 356 
139 457 
139 595 
140 286 
140 404 
140 486 
140 520 
140 701 
140 794 
140 797 
140 894 
140 960 
141 192 
141 195 
141 386 
141 518 
141 782 
141 858 
141 974 
142 147 
142 269 
142 375 
142 492 
142 682 
142 757 
142 852 
142 943 
143 213 
143 280 
143 363 
143 535 
143 566 
143 954 
143 963 
144 250 
144 368 
144 414 
144 559 
144 633 
144 668 
144 671 
144 798 
145 181 
145 533 
145 700 
145 845 
146 348 
146 406 
146 502 
146 508 
146 517 
146 622 
146 665 
146 934 
147 269 
147 375 
147 483 
147 599 
147 695 
147 757 
148 160 
148 302 
148 318 
148 565 
148 673 
148 803 
149 363 
149 409 
149 460 
149 536 
149 733 
149 734 
149 857 
149 895 
149 975 
150 192 
150 386 
150 858 
150 974 
151 164 
151 216 
151 355 
151 601 
151 921 
152 322 
152 456 
152 480 
152 595 
152 607 
152 639 
152 729 
152 952 
153 156 
153 412 
153 452 
153 474 
153 669 
153 753 
154 211 
154 264 
154 478 
154 581 
154 597 
154 649 
154 683 
154 805 
155 201 
155 283 
155 305 
155 340 
155 435 
155 468 
155 513 
155 659 
156 284 
156 412 
156 474 
156 669 
156 676 
156 693 
156 753 
157 261 
157 419 
157 496 
157 568 
157 713 
157 792 
157 800 
157 834 
158 412 
158 452 
158 474 
158 669 
158 707 
159 337 
159 623 
159 626 
159 646 
159 785 
159 891 
159 985 
160 163 
160 275 
160 318 
160 379 
160 565 
160 611 
160 673 
160 803 
160 958 
161 178 
161 324 
161 466 
161 592 
161 656 
161 751 
161 890 
161 937 
162 181 
162 243 
162 450 
162 533 
163 242 
163 432 
163 449 
163 803 
163 982 
164 216 
164 355 
164 358 
164 394 
164 402 
164 570 
164 921 
164 966 
165 209 
165 240 
165 279 
165 523 
165 629 
165 667 
166 441 
166 493 
166 527 
166 727 
166 760 
166 865 
166 945 
166 968 
167 288 
167 365 
167 758 
167 819 
167 845 
168 390 
168 396 
168 401 
168 500 
168 514 
168 528 
168 810 
168 851 
169 225 
169 418 
169 558 
169 807 
169 808 
169 992 
169 995 
170 280 
170 363 
170 460 
170 812 
170 857 
170 895 
170 963 
170 975 
171 220 
171 322 
171 567 
171 595 
171 639 
171 791 
171 952 
172 246 
172 361 
172 428 
172 687 
172 712 
172 806 
173 700 
173 813 
173 819 
173 822 
174 248 
174 259 
174 277 
174 298 
174 395 
174 431 
174 606 
174 648 
175 222 
175 495 
175 541 
175 552 
175 799 
175 856 
175 862 
176 327 
176 399 
176 407 
176 457 
176 498 
176 657 
176 699 
176 871 
177 188 
177 207 
177 350 
177 509 
177 572 
177 617 
177 775 
177 826 
177 868 
178 292 
178 296 
178 466 
178 592 
178 656 
178 751 
178 890 
178 929 
179 370 
179 497 
179 790 
179 830 
179 910 
179 949 
179 994 
180 285 
180 525 
180 616 
180 625 
180 907 
180 908 
181 234 
181 243 
181 481 
181 813 
181 822 
182 325 
182 388 
182 459 
182 749 
182 819 
182 863 
183 283 
183 305 
183 349 
183 421 
183 524 
183 600 
183 681 
183 996 
184 202 
184 289 
184 306 
184 447 
184 836 
185 232 
185 241 
185 270 
185 313 
185 336 
185 376 
185 411 
185 443 
185 685 
185 774 
186 208 
186 282 
186 297 
186 422 
186 464 
186 721 
186 872 
186 949 
187 230 
187 255 
187 265 
187 481 
187 519 
187 860 
188 226 
188 353 
188 380 
188 492 
188 509 
188 638 
188 833 
189 216 
189 382 
189 543 
189 601 
189 644 
189 675 
189 717 
189 987 
190 228 
190 289 
190 306 
190 476 
190 605 
191 330 
191 488 
191 504 
191 746 
191 776 
192 195 
192 196 
192 858 
192 974 
193 341 
193 690 
193 716 
193 755 
194 296 
194 303 
194 466 
194 550 
194 592 
194 656 
194 698 
194 781 
195 196 
195 386 
195 518 
195 782 
195 858 
195 974 
196 386 
196 518 
197 293 
197 369 
197 479 
197 507 
197 677 
197 689 
197 702 
197 754 
198 245 
198 392 
198 620 
198 853 
198 861 
198 931 
199 463 
199 501 
199 886 
200 223 
200 235 
200 437 
200 459 
200 749 
200 863 
201 283 
201 305 
201 340 
201 421 
201 435 
201 468 
201 513 
202 512 
203 233 
203 381 
203 567 
203 580 
203 764 
203 793 
203 917 
204 287 
204 321 
204 410 
204 427 
204 487 
204 582 
204 586 
204 736 
204 879 
205 341 
205 426 
205 755 
205 814 
206 242 
206 432 
206 449 
206 516 
206 926 
206 958 
206 982 
207 237 
207 278 
207 350 
207 572 
207 663 
207 738 
207 868 
208 297 
208 497 
208 721 
208 790 
208 910 
208 1000 
209 304 
209 372 
209 389 
209 523 
209 593 
209 629 
209 911 
210 405 
210 430 
210 654 
210 829 
210 838 
210 979 
211 264 
211 299 
211 444 
211 478 
211 658 
211 805 
212 216 
212 358 
212 382 
212 394 
212 601 
212 675 
212 717 
212 987 
213 219 
213 280 
213 363 
213 445 
213 535 
213 989 
214 219 
214 221 
214 418 
214 535 
214 536 
214 558 
214 734 
214 889 
214 989 
215 266 
215 393 
215 642 
215 864 
215 953 
216 358 
216 394 
216 402 
216 570 
216 601 
216 962 
217 515 
217 579 
217 690 
217 694 
217 887 
218 388 
218 473 
218 494 
218 719 
218 758 
218 855 
218 941 
218 971 
218 998 
219 363 
219 535 
219 558 
219 566 
219 954 
220 274 
220 327 
220 457 
220 595 
220 699 
220 704 
220 779 
220 869 
221 225 
221 386 
221 418 
221 558 
221 782 
221 807 
221 889 
221 992 
222 495 
222 541 
222 552 
222 740 
222 799 
222 856 
222 862 
223 235 
223 494 
223 555 
223 608 
223 650 
223 901 
223 941 
224 228 
224 518 
224 634 
224 823 
225 386 
225 418 
225 532 
225 808 
225 995 
226 353 
226 380 
226 492 
226 509 
226 638 
226 775 
226 833 
227 613 
227 626 
227 646 
227 678 
227 780 
227 891 
227 927 
228 302 
228 447 
228 476 
228 537 
228 605 
228 619 
228 637 
229 299 
229 444 
229 524 
229 600 
229 681 
229 683 
229 739 
230 295 
230 519 
230 544 
230 860 
231 271 
231 285 
231 650 
231 672 
231 742 
231 776 
231 959 
232 241 
232 270 
232 313 
232 411 
232 443 
232 604 
232 774 
232 832 
233 483 
233 695 
233 764 
233 880 
233 965 
234 534 
234 724 
234 813 
234 980 
235 388 
235 437 
235 459 
235 494 
235 555 
235 749 
235 941 
236 283 
236 349 
236 400 
236 421 
236 600 
236 681 
236 996 
237 278 
237 353 
237 572 
237 617 
237 738 
237 826 
237 990 
238 276 
238 396 
238 557 
238 923 
238 947 
239 385 
239 467 
239 553 
239 737 
239 802 
239 942 
240 279 
240 304 
240 308 
240 523 
240 561 
240 667 
240 723 
240 967 
241 246 
241 336 
241 376 
241 451 
241 522 
241 685 
242 275 
242 281 
242 432 
242 549 
242 958 
243 288 
243 533 
243 813 
244 340 
244 349 
244 400 
244 435 
244 674 
244 750 
244 996 
245 382 
245 543 
245 675 
245 730 
245 784 
245 853 
245 918 
246 357 
246 361 
246 604 
246 712 
246 767 
246 774 
246 832 
247 439 
247 582 
247 610 
247 977 
247 981 
248 277 
248 333 
248 359 
248 367 
248 482 
248 932 
248 935 
249 327 
249 356 
249 383 
249 397 
249 457 
249 480 
250 368 
250 645 
250 651 
250 668 
251 590 
251 666 
251 679 
251 718 
251 744 
251 771 
251 849 
251 854 
251 919 
252 489 
252 598 
252 870 
252 912 
252 914 
253 700 
253 845 
254 339 
254 458 
254 475 
254 627 
254 726 
254 789 
254 859 
255 295 
255 519 
255 544 
255 860 
256 696 
256 711 
256 846 
256 873 
256 916 
257 311 
257 366 
257 423 
257 506 
257 770 
257 933 
258 294 
258 694 
258 709 
258 876 
258 930 
258 944 
259 277 
259 333 
259 606 
259 795 
259 934 
260 538 
260 616 
260 655 
260 664 
260 743 
260 746 
260 776 
261 419 
261 446 
261 496 
261 556 
261 713 
261 792 
261 800 
261 842 
262 526 
262 559 
262 651 
262 668 
262 671 
262 788 
262 904 
263 329 
263 531 
263 612 
263 754 
263 844 
263 912 
263 914 
263 956 
264 299 
264 444 
264 478 
264 581 
264 683 
265 519 
265 544 
265 860 
266 315 
266 317 
266 393 
266 477 
266 521 
266 642 
266 864 
266 886 
266 1001 
267 331 
267 335 
267 399 
267 407 
267 470 
267 824 
267 885 
267 892 
268 359 
268 367 
268 505 
268 588 
268 643 
268 670 
268 783 
268 946 
269 492 
269 510 
269 682 
269 833 
269 852 
270 356 
270 480 
270 685 
270 729 
271 330 
271 362 
271 608 
271 650 
271 742 
271 901 
272 467 
272 692 
272 802 
272 909 
272 953 
273 360 
273 430 
273 574 
273 596 
273 731 
273 841 
273 979 
274 322 
274 456 
274 529 
274 595 
274 639 
274 791 
275 432 
275 449 
275 563 
275 803 
275 982 
276 390 
276 396 
276 500 
276 763 
276 923 
276 947 
276 991 
277 333 
277 482 
277 603 
277 606 
277 795 
277 932 
278 291 
278 572 
278 617 
278 663 
278 738 
278 826 
278 990 
279 304 
279 308 
279 372 
279 561 
279 723 
280 445 
280 471 
280 535 
280 734 
280 895 
280 963 
281 338 
281 432 
281 516 
281 563 
281 926 
281 982 
282 339 
282 422 
282 461 
282 464 
282 475 
282 520 
282 872 
282 894 
283 305 
283 340 
283 524 
284 347 
284 474 
284 531 
284 693 
284 707 
284 753 
284 913 
284 997 
285 330 
285 420 
285 616 
285 776 
285 959 
286 351 
286 461 
286 486 
286 520 
286 794 
286 797 
286 894 
287 427 
287 487 
287 490 
287 550 
287 582 
287 589 
287 736 
288 424 
288 688 
288 761 
288 845 
289 512 
290 300 
290 542 
290 545 
290 703 
290 745 
290 821 
290 976 
291 343 
291 542 
291 738 
291 752 
291 990 
292 296 
292 303 
292 466 
292 592 
292 656 
292 698 
292 781 
293 433 
293 438 
293 528 
293 689 
293 810 
294 633 
294 645 
294 773 
294 798 
294 876 
294 930 
294 944 
295 519 
295 544 
295 860 
296 303 
296 466 
296 592 
296 820 
296 890 
297 497 
297 790 
297 910 
297 949 
298 333 
298 603 
298 769 
298 932 
298 935 
299 444 
299 681 
299 683 
299 805 
300 387 
300 545 
300 565 
300 673 
300 821 
300 976 
301 495 
301 541 
301 740 
301 799 
302 379 
302 537 
302 611 
302 637 
302 999 
303 466 
303 550 
303 656 
303 820 
304 308 
304 523 
304 667 
304 967 
305 340 
305 421 
305 435 
305 468 
305 513 
305 659 
306 628 
306 836 
307 551 
307 568 
307 587 
307 708 
307 715 
307 748 
307 834 
307 850 
308 667 
309 424 
309 533 
309 688 
309 845 
310 448 
310 505 
310 530 
310 547 
310 618 
310 670 
310 840 
310 867 
310 928 
311 316 
311 366 
311 423 
311 720 
311 770 
311 969 
312 358 
312 366 
312 394 
312 402 
312 632 
312 962 
313 336 
313 411 
313 443 
313 480 
313 685 
313 729 
314 391 
314 440 
314 756 
314 815 
314 816 
314 888 
314 924 
315 463 
315 501 
315 886 
316 366 
316 423 
316 506 
316 546 
316 969 
317 453 
317 463 
317 477 
317 642 
317 818 
318 379 
318 565 
318 611 
318 673 
318 803 
319 327 
319 457 
319 595 
319 607 
319 699 
319 704 
319 779 
319 869 
320 469 
320 578 
320 649 
320 788 
320 904 
320 983 
321 427 
321 550 
321 687 
321 732 
321 879 
322 529 
322 595 
322 639 
322 791 
322 952 
323 409 
323 434 
323 733 
323 812 
323 828 
323 975 
323 978 
324 377 
324 378 
324 539 
324 560 
324 691 
324 751 
324 831 
325 459 
325 749 
325 819 
325 863 
326 345 
326 511 
326 652 
326 710 
326 922 
326 972 
326 980 
327 595 
327 607 
327 779 
327 869 
328 385 
328 467 
328 484 
328 609 
328 725 
328 967 
329 347 
329 442 
329 531 
329 684 
329 707 
329 912 
329 913 
329 997 
330 488 
330 672 
330 742 
330 776 
330 875 
330 959 
331 399 
331 407 
331 470 
331 594 
331 792 
331 824 
332 467 
332 692 
332 802 
332 909 
332 953 
333 431 
333 482 
333 606 
333 648 
334 348 
334 502 
334 508 
334 517 
334 622 
334 665 
334 934 
335 383 
335 397 
335 399 
335 407 
335 457 
335 594 
335 892 
336 361 
336 522 
336 604 
336 615 
336 774 
336 832 
337 626 
337 646 
337 780 
337 785 
337 891 
338 342 
338 465 
338 563 
338 640 
338 801 
338 874 
338 897 
338 982 
339 404 
339 475 
339 486 
339 499 
339 701 
339 894 
340 349 
340 400 
340 421 
340 468 
340 513 
340 996 
341 426 
341 515 
341 579 
341 690 
341 755 
342 465 
342 777 
342 796 
342 801 
342 874 
342 882 
342 897 
342 926 
343 542 
343 663 
343 752 
343 787 
343 839 
343 990 
344 373 
344 521 
344 692 
344 909 
344 942 
344 953 
345 534 
345 884 
345 898 
345 922 
345 925 
345 980 
346 374 
346 378 
346 539 
346 751 
346 831 
346 929 
346 937 
347 398 
347 442 
347 531 
347 693 
347 912 
347 913 
347 997 
348 403 
348 406 
348 503 
348 517 
348 622 
348 665 
348 811 
349 400 
349 421 
349 524 
349 600 
350 353 
350 572 
350 617 
350 738 
350 826 
350 990 
351 794 
351 797 
351 849 
351 854 
351 919 
351 960 
352 385 
352 467 
352 609 
352 725 
352 802 
352 967 
353 509 
353 572 
353 617 
353 775 
353 826 
353 868 
354 445 
354 596 
354 654 
354 838 
354 883 
354 902 
354 961 
354 979 
354 988 
355 358 
355 394 
355 402 
355 573 
355 601 
355 962 
356 595 
356 607 
356 639 
356 791 
356 869 
357 361 
357 428 
357 522 
357 806 
358 601 
358 921 
359 482 
359 588 
359 648 
359 769 
359 848 
359 935 
359 946 
360 430 
360 574 
360 596 
360 731 
360 829 
360 841 
361 428 
361 615 
361 712 
361 714 
361 767 
361 806 
362 436 
362 488 
362 608 
362 650 
362 672 
362 901 
363 445 
363 471 
363 535 
363 734 
363 857 
363 895 
363 963 
364 368 
364 526 
364 645 
364 651 
364 705 
364 798 
365 424 
365 688 
365 761 
365 845 
366 546 
366 632 
366 770 
366 933 
366 969 
367 482 
367 588 
367 648 
367 769 
367 935 
367 946 
368 425 
368 559 
368 633 
368 645 
368 668 
368 766 
369 433 
369 438 
369 507 
369 528 
369 689 
369 810 
370 485 
370 711 
370 786 
370 830 
370 837 
370 843 
370 873 
371 441 
371 493 
371 527 
371 727 
371 760 
371 865 
371 945 
371 968 
372 523 
372 629 
372 667 
373 521 
373 576 
373 692 
373 866 
373 896 
373 909 
373 942 
374 377 
374 378 
374 560 
374 691 
374 831 
374 937 
375 492 
375 510 
375 682 
375 757 
375 852 
376 451 
376 522 
376 604 
376 615 
376 774 
376 832 
377 378 
377 539 
377 831 
378 384 
378 539 
378 560 
378 831 
378 937 
378 964 
379 565 
379 803 
379 999 
380 492 
380 509 
380 638 
380 682 
380 833 
381 529 
381 567 
381 699 
381 704 
381 779 
381 880 
382 543 
382 601 
382 717 
382 987 
383 457 
383 480 
383 607 
383 869 
384 560 
384 691 
384 831 
384 937 
385 553 
385 609 
385 629 
385 737 
386 782 
386 974 
387 542 
387 545 
387 703 
387 745 
387 976 
388 749 
388 809 
388 855 
388 863 
389 523 
389 593 
389 667 
389 911 
390 401 
390 585 
390 810 
390 923 
390 991 
391 440 
391 602 
391 678 
391 697 
391 756 
391 815 
391 938 
392 691 
392 730 
392 784 
392 853 
392 918 
393 642 
393 735 
393 864 
393 886 
394 601 
394 921 
395 431 
395 502 
395 606 
395 795 
395 934 
396 514 
396 624 
396 763 
396 851 
396 991 
397 457 
397 480 
397 607 
397 869 
398 474 
398 531 
398 693 
398 707 
398 753 
399 407 
399 498 
399 594 
399 871 
399 885 
399 892 
400 421 
400 435 
400 468 
400 513 
400 996 
401 433 
401 500 
401 514 
401 851 
402 570 
402 601 
402 921 
403 503 
403 517 
403 544 
403 622 
403 665 
403 811 
404 458 
404 486 
404 627 
404 951 
405 575 
405 654 
405 838 
405 961 
405 979 
406 544 
406 665 
406 811 
407 498 
407 587 
407 871 
407 885 
407 892 
408 514 
408 585 
408 624 
408 851 
408 923 
409 460 
409 536 
409 734 
409 812 
409 857 
409 895 
409 975 
410 413 
410 427 
410 487 
410 687 
410 732 
410 879 
411 443 
411 480 
411 685 
411 729 
412 474 
412 669 
412 676 
412 707 
412 753 
412 913 
413 428 
413 687 
413 714 
413 806 
413 879 
414 645 
414 651 
414 668 
415 497 
415 790 
415 830 
415 843 
415 949 
415 994 
416 453 
416 477 
416 777 
416 818 
416 900 
417 465 
417 777 
417 796 
417 801 
417 874 
417 900 
418 532 
418 558 
418 782 
418 807 
418 808 
418 889 
418 992 
419 446 
419 568 
419 792 
419 800 
419 828 
419 834 
420 525 
420 616 
420 625 
420 653 
420 907 
420 908 
422 461 
422 464 
422 475 
422 520 
422 721 
422 872 
422 894 
423 546 
423 720 
424 533 
424 647 
424 940 
424 993 
425 526 
425 645 
425 651 
425 705 
425 798 
426 690 
426 716 
427 550 
427 586 
427 736 
427 781 
428 615 
428 687 
428 712 
428 714 
428 732 
429 515 
429 561 
429 579 
429 690 
429 887 
429 948 
430 574 
430 575 
430 841 
431 606 
431 648 
431 795 
432 449 
432 563 
432 958 
432 982 
433 500 
433 585 
433 689 
433 810 
433 851 
434 536 
434 660 
434 733 
434 828 
434 975 
435 468 
435 513 
435 659 
435 996 
436 437 
436 488 
436 608 
436 641 
436 901 
437 494 
437 555 
437 608 
437 650 
437 901 
438 479 
438 507 
438 677 
438 689 
438 702 
438 754 
439 582 
439 610 
439 686 
439 765 
439 977 
439 981 
440 697 
440 706 
440 756 
440 817 
440 827 
440 888 
441 493 
441 527 
441 569 
441 727 
441 760 
441 865 
441 945 
441 968 
442 531 
442 612 
442 844 
442 912 
442 914 
442 956 
442 957 
443 480 
443 685 
443 729 
444 478 
444 658 
444 681 
444 805 
444 920 
445 566 
445 883 
445 902 
445 954 
445 963 
445 988 
446 470 
446 496 
446 556 
446 713 
446 842 
447 476 
447 537 
447 637 
447 999 
448 547 
448 618 
448 706 
448 816 
448 840 
448 888 
448 924 
449 680 
449 958 
449 982 
450 481 
450 519 
450 544 
450 647 
450 811 
450 993 
451 604 
451 712 
451 767 
451 774 
451 832 
452 527 
452 669 
452 676 
452 968 
453 463 
453 635 
454 571 
454 621 
454 636 
454 661 
454 778 
454 921 
454 966 
455 459 
455 749 
455 819 
455 863 
456 480 
456 729 
456 791 
456 952 
457 607 
457 699 
457 779 
457 869 
458 486 
458 627 
458 701 
458 881 
458 907 
459 494 
459 809 
459 863 
459 941 
460 471 
460 733 
460 734 
460 812 
460 975 
461 464 
461 520 
461 794 
461 797 
461 894 
461 960 
462 498 
462 551 
462 587 
462 708 
462 748 
462 850 
462 871 
462 973 
463 477 
463 818 
463 864 
463 1001 
464 794 
464 797 
464 872 
464 894 
464 960 
465 777 
465 796 
465 874 
465 900 
466 592 
466 656 
466 820 
466 929 
467 725 
467 942 
468 659 
468 996 
469 526 
469 540 
469 578 
469 651 
469 668 
469 788 
469 904 
469 983 
470 556 
470 713 
470 792 
470 824 
470 842 
470 885 
470 892 
471 812 
471 857 
471 895 
471 963 
471 975 
472 489 
472 702 
472 772 
472 914 
472 956 
472 984 
473 688 
473 758 
473 855 
473 863 
474 676 
474 707 
474 913 
475 499 
475 627 
475 789 
475 859 
476 512 
476 537 
476 637 
476 836 
477 501 
477 635 
478 581 
478 683 
478 805 
478 920 
479 507 
479 528 
479 689 
479 810 
480 607 
480 639 
480 729 
480 791 
480 869 
481 519 
481 860 
482 588 
482 603 
482 769 
482 932 
483 580 
483 695 
483 757 
483 943 
483 965 
484 609 
484 725 
484 737 
484 986 
485 711 
485 817 
485 827 
485 837 
485 873 
486 627 
486 701 
486 951 
487 550 
487 586 
487 736 
487 879 
488 504 
488 672 
488 746 
488 875 
488 959 
489 562 
489 598 
489 870 
489 956 
489 957 
489 984 
490 586 
490 589 
490 610 
490 736 
490 977 
491 716 
491 728 
491 755 
491 814 
492 682 
492 833 
493 510 
493 569 
493 727 
493 760 
493 865 
493 945 
493 968 
494 749 
494 863 
495 552 
495 740 
496 556 
496 713 
496 792 
496 800 
496 824 
496 842 
497 830 
497 910 
497 949 
497 1000 
498 587 
498 871 
498 885 
498 973 
499 726 
499 789 
499 881 
499 907 
500 528 
500 585 
500 991 
501 950 
501 1001 
502 508 
502 622 
502 940 
502 955 
502 970 
503 517 
503 544 
503 811 
504 538 
504 664 
504 746 
504 776 
504 959 
505 643 
505 670 
505 783 
505 848 
505 867 
505 893 
506 770 
506 933 
506 969 
507 677 
507 702 
508 517 
508 622 
508 934 
508 940 
508 955 
508 970 
508 993 
509 638 
509 775 
509 833 
510 682 
510 727 
510 760 
510 865 
510 945 
511 621 
511 630 
511 636 
511 661 
511 662 
511 778 
511 884 
511 922 
512 628 
512 836 
513 659 
513 996 
514 585 
514 851 
514 923 
515 579 
515 887 
515 948 
516 549 
516 640 
516 882 
516 897 
517 811 
518 634 
518 823 
518 858 
518 974 
519 544 
519 647 
519 811 
519 860 
520 794 
520 797 
520 894 
520 960 
521 642 
521 692 
521 866 
521 953 
521 1001 
522 604 
522 712 
522 767 
522 774 
522 832 
523 561 
523 723 
524 600 
524 681 
524 739 
524 996 
525 625 
525 653 
525 881 
525 903 
525 907 
526 559 
526 645 
526 668 
526 671 
526 766 
527 569 
527 727 
527 945 
528 585 
528 810 
528 851 
529 567 
529 595 
529 639 
529 704 
529 791 
529 952 
530 643 
530 670 
530 783 
530 848 
530 867 
530 893 
531 693 
531 707 
531 912 
531 913 
531 997 
532 558 
532 807 
532 808 
532 992 
532 995 
533 647 
533 813 
533 822 
534 577 
534 724 
534 980 
535 566 
535 734 
535 954 
535 989 
536 733 
536 734 
536 812 
536 857 
536 895 
537 637 
537 680 
537 999 
538 614 
538 655 
538 664 
538 746 
538 875 
539 691 
539 937 
540 578 
540 597 
540 649 
540 788 
540 983 
541 740 
541 799 
541 835 
541 906 
542 703 
542 752 
543 675 
543 730 
543 784 
543 853 
543 918 
545 703 
545 745 
545 821 
545 976 
546 770 
546 969 
547 670 
547 848 
547 867 
547 928 
548 860 
548 884 
548 980 
549 563 
549 926 
549 982 
550 698 
550 736 
550 781 
550 820 
551 587 
551 715 
551 850 
552 740 
552 799 
552 933 
553 576 
553 629 
553 725 
553 896 
554 613 
554 626 
554 678 
554 780 
554 825 
554 899 
555 608 
555 650 
555 901 
556 792 
556 824 
557 642 
557 864 
557 953 
558 807 
558 889 
558 989 
558 992 
559 651 
560 620 
560 831 
561 723 
562 598 
562 870 
562 956 
562 957 
562 984 
563 926 
563 958 
564 643 
564 670 
564 783 
564 848 
564 893 
564 946 
565 611 
565 673 
565 803 
565 976 
566 954 
566 989 
567 704 
567 779 
567 880 
567 952 
568 792 
568 834 
569 727 
569 760 
569 865 
569 945 
569 968 
570 591 
570 601 
570 962 
571 573 
571 591 
571 621 
571 636 
571 661 
571 778 
571 921 
571 966 
572 617 
572 775 
572 826 
572 868 
573 644 
573 921 
573 987 
574 720 
574 731 
574 841 
575 654 
575 829 
575 838 
576 725 
576 737 
576 909 
576 986 
577 813 
577 877 
578 581 
578 597 
578 649 
578 788 
578 904 
579 948 
580 695 
580 764 
580 793 
580 880 
580 917 
581 597 
581 649 
581 805 
581 983 
582 586 
582 589 
582 736 
582 977 
583 654 
583 838 
583 883 
583 961 
584 703 
584 787 
584 839 
585 810 
585 851 
586 589 
586 736 
586 879 
587 708 
587 748 
587 850 
588 648 
588 769 
588 935 
588 946 
589 610 
589 686 
589 736 
589 977 
590 666 
590 679 
590 718 
590 744 
590 771 
590 849 
590 919 
591 601 
591 644 
591 921 
592 820 
592 890 
592 929 
593 667 
593 887 
594 885 
594 892 
595 639 
595 704 
595 791 
595 952 
596 731 
596 961 
596 979 
597 649 
597 788 
597 904 
597 983 
598 956 
598 957 
598 984 
599 695 
599 757 
599 943 
599 965 
600 739 
600 996 
601 717 
601 962 
602 678 
602 697 
602 722 
602 878 
602 899 
602 938 
603 606 
603 648 
603 795 
604 712 
605 634 
605 823 
605 999 
606 648 
608 641 
608 650 
608 672 
609 629 
609 725 
610 762 
610 765 
610 981 
611 673 
611 803 
612 684 
612 702 
612 772 
612 844 
612 912 
612 914 
613 623 
613 626 
613 696 
613 891 
613 916 
613 927 
614 616 
614 655 
614 664 
614 726 
614 743 
614 746 
615 712 
615 714 
615 767 
616 653 
616 776 
616 903 
616 907 
617 738 
617 775 
617 868 
618 670 
618 840 
618 848 
618 867 
618 928 
619 634 
619 999 
620 691 
620 730 
620 784 
620 918 
621 630 
621 652 
621 661 
621 662 
621 966 
622 665 
623 626 
623 646 
623 780 
623 891 
623 985 
624 851 
624 923 
625 653 
625 903 
625 907 
625 908 
625 951 
626 878 
626 891 
626 899 
626 985 
627 701 
627 789 
627 951 
629 725 
629 737 
629 986 
630 662 
630 884 
630 922 
630 980 
631 823 
631 858 
631 974 
632 720 
632 770 
633 645 
633 651 
633 668 
634 823 
634 858 
635 777 
635 818 
635 900 
636 652 
636 662 
636 966 
637 680 
638 682 
638 833 
639 704 
639 952 
640 777 
640 796 
640 874 
640 900 
641 650 
641 672 
641 901 
642 735 
642 864 
642 886 
643 783 
643 893 
643 946 
644 675 
644 921 
644 987 
645 766 
645 798 
646 878 
646 891 
646 899 
646 985 
647 940 
647 955 
647 970 
647 993 
648 795 
648 932 
648 935 
649 788 
649 904 
650 672 
650 742 
650 901 
651 668 
651 671 
651 766 
652 661 
652 662 
652 778 
652 884 
652 922 
653 655 
653 726 
653 743 
653 881 
653 903 
654 838 
654 961 
654 979 
655 726 
655 789 
655 881 
655 907 
656 820 
656 890 
656 929 
657 699 
657 779 
657 871 
657 973 
658 681 
658 683 
658 739 
660 733 
660 812 
660 828 
660 975 
660 978 
661 662 
661 778 
661 966 
662 778 
662 884 
663 738 
663 752 
663 826 
664 746 
664 776 
664 959 
666 679 
666 718 
666 744 
666 771 
666 919 
666 981 
667 723 
669 676 
669 707 
669 753 
669 913 
670 783 
670 848 
670 893 
670 946 
672 742 
673 803 
674 750 
674 996 
675 717 
676 707 
677 844 
677 914 
677 957 
678 697 
678 780 
678 899 
678 927 
679 744 
679 849 
679 919 
681 739 
682 833 
682 852 
682 865 
683 805 
684 754 
684 844 
684 912 
684 914 
684 956 
685 832 
686 762 
686 765 
686 981 
687 732 
687 767 
687 806 
688 758 
688 761 
688 845 
688 971 
689 702 
690 887 
690 948 
691 831 
691 931 
692 866 
692 909 
692 953 
693 707 
693 753 
693 913 
693 997 
694 709 
694 847 
694 876 
694 930 
694 944 
695 793 
695 917 
695 943 
695 965 
696 711 
696 825 
697 756 
697 815 
697 817 
697 825 
697 827 
697 927 
698 781 
698 820 
699 869 
700 761 
700 813 
700 822 
700 877 
700 925 
702 844 
702 914 
702 957 
703 787 
703 821 
703 839 
704 791 
704 952 
705 766 
705 798 
706 756 
706 815 
706 816 
706 888 
706 924 
707 753 
708 715 
709 847 
709 876 
709 930 
709 944 
710 860 
710 884 
710 980 
711 825 
711 846 
711 916 
712 806 
713 792 
713 824 
714 732 
714 806 
715 748 
715 834 
715 850 
716 755 
716 814 
717 962 
718 744 
718 849 
718 919 
719 758 
719 855 
719 863 
719 941 
720 731 
721 790 
721 949 
721 1000 
722 780 
722 899 
722 938 
723 967 
724 813 
724 877 
725 737 
725 802 
726 743 
726 881 
726 907 
727 760 
727 852 
727 945 
728 755 
728 759 
728 768 
728 814 
729 791 
730 853 
730 861 
730 931 
731 841 
732 806 
732 879 
733 734 
733 812 
733 857 
733 895 
733 975 
734 812 
734 857 
734 895 
735 864 
735 953 
737 896 
738 747 
738 826 
738 990 
740 799 
740 856 
740 862 
741 845 
742 959 
743 789 
743 881 
743 903 
743 907 
744 771 
744 849 
744 854 
744 919 
745 821 
746 959 
747 775 
747 826 
747 990 
749 809 
749 863 
750 996 
751 937 
752 787 
752 839 
752 990 
753 913 
753 997 
754 772 
754 844 
754 914 
754 984 
756 817 
756 827 
757 852 
758 855 
758 971 
758 998 
759 814 
760 852 
760 865 
760 945 
761 819 
761 822 
762 977 
762 981 
763 923 
763 947 
763 991 
764 880 
764 917 
764 965 
765 977 
766 798 
767 806 
768 814 
769 946 
770 933 
770 969 
771 849 
771 919 
772 844 
772 914 
772 957 
773 798 
775 826 
776 875 
776 959 
777 882 
777 897 
777 900 
778 966 
779 869 
780 891 
780 985 
781 820 
782 992 
783 848 
783 946 
784 853 
784 861 
784 931 
785 891 
785 985 
786 825 
786 837 
786 846 
788 904 
788 983 
789 859 
789 881 
790 910 
790 949 
790 1000 
791 952 
792 824 
792 842 
793 880 
793 917 
793 965 
794 894 
794 960 
795 932 
796 882 
796 915 
796 950 
797 894 
797 960 
799 835 
799 856 
800 842 
801 874 
801 882 
801 900 
802 942 
804 874 
804 882 
804 897 
805 920 
807 939 
807 995 
808 939 
808 992 
809 819 
809 863 
810 851 
810 991 
812 895 
812 975 
815 817 
815 827 
815 888 
816 888 
816 924 
817 825 
817 837 
818 1001 
819 845 
819 863 
822 845 
823 858 
824 842 
825 846 
825 873 
825 927 
826 868 
828 834 
828 978 
829 841 
830 837 
830 910 
830 994 
831 937 
835 906 
837 843 
837 873 
838 961 
838 979 
840 867 
840 928 
843 910 
843 994 
844 914 
844 984 
846 873 
846 927 
847 930 
848 893 
848 946 
849 919 
851 991 
852 865 
853 861 
853 931 
854 919 
855 941 
856 933 
857 975 
859 872 
861 918 
862 933 
863 941 
864 886 
866 909 
866 942 
866 953 
867 928 
868 905 
870 956 
870 957 
870 984 
871 973 
872 894 
873 916 
874 882 
874 897 
875 959 
877 898 
877 925 
878 899 
878 938 
880 917 
880 965 
881 903 
882 900 
883 954 
883 961 
883 963 
883 988 
884 922 
884 972 
886 1001 
887 911 
887 948 
888 924 
889 992 
890 929 
891 899 
891 985 
893 946 
895 975 
896 909 
896 986 
897 900 
898 922 
898 925 
899 927 
902 954 
902 961 
902 963 
902 988 
903 907 
903 908 
909 942 
910 949 
912 914 
912 956 
912 957 
914 956 
914 984 
915 950 
917 965 
918 931 
922 925 
923 947 
923 991 
929 937 
929 964 
933 969 
934 955 
934 970 
936 950 
937 964 
939 992 
939 995 
940 955 
940 970 
940 993 
949 1000 
954 988 
955 993 
958 982 
961 979 
963 988 
970 993 
972 980 
992 995 
