1002
9 0.00 0.85
8 61.90 17.65
8 51.55 10.30
9 22.75 16.20
10 45.70 16.40
8 10.35 18.10
5 9.80 12.05
10 16.95 18.90
9 56.10 16.90
9 32.55 -0.05
8 -3.35 0.40
8 10.85 1.80
10 58.55 6.70
7 41.85 8.20
8 48.50 18.35
9 58.55 19.00
9 51.30 16.90
8 11.00 2.95
9 29.00 13.10
7 22.90 16.45
8 18.95 13.95
10 21.55 11.55
10 36.70 16.30
9 21.30 17.35
9 8.80 8.00
9 3.15 17.30
9 19.20 5.85
9 11.50 14.55
10 30.25 7.75
9 11.70 12.50
10 10.30 4.10
9 10.20 12.60
9 1.25 3.15
9 41.65 18.25
9 19.15 4.80
10 41.90 2.45
8 53.45 17.90
6 60.80 11.80
6 48.70 18.30
5 19.00 19.15
10 46.65 16.35
9 30.20 5.40
7 12.65 -1.95
8 20.95 14.70
10 30.90 13.65
8 30.65 -0.10
9 49.00 17.35
8 37.00 16.90
8 59.90 15.80
8 41.65 8.45
7 11.30 16.95
10 31.75 14.50
9 41.55 14.85
8 50.55 8.90
8 29.15 15.85
10 42.90 12.50
9 19.15 5.60
10 30.70 14.80
8 51.20 4.80
9 37.55 16.30
9 55.20 18.80
8 19.15 14.45
10 41.80 1.55
8 4.70 16.50
8 31.90 4.50
9 15.85 13.45
10 20.70 2.30
8 37.05 18.45
8 -0.45 2.50
8 50.75 1.85
9 25.15 0.65
9 4.25 17.80
8 20.00 9.40
5 52.70 2.85
7 20.35 15.10
5 52.70 2.80
11 11.10 14.10
8 30.05 0.35
8 67.00 16.85
10 17.45 13.25
10 50.00 0.65
8 5.70 17.55
9 6.40 -0.70
8 52.10 3.00
9 66.20 17.05
9 18.90 4.45
6 19.40 18.85
8 32.15 4.25
6 23.70 16.75
8 29.40 2.70
8 8.55 17.55
6 41.80 4.85
9 32.40 2.45
8 8.05 18.30
9 60.35 16.35
7 44.85 0.60
8 66.55 16.80
10 41.30 1.25
7 41.85 7.85
10 59.85 3.90
10 9.75 4.95
8 1.95 4.90
10 27.75 16.30
8 2.40 5.20
9 67.05 17.10
10 60.20 8.20
10 0.10 16.75
10 59.95 17.00
7 59.65 14.25
8 27.95 11.80
7 33.30 16.75
7 20.20 5.90
8 19.90 6.20
9 47.60 17.30
9 -0.55 18.20
6 17.55 18.40
8 20.40 3.05
6 41.95 17.15
9 19.75 5.05
8 50.85 7.45
8 18.30 13.30
11 60.25 1.95
9 50.65 4.20
6 8.60 18.55
10 1.40 14.80
10 28.15 -0.50
8 40.85 17.45
10 39.80 6.45
9 0.40 0.15
10 34.75 18.35
10 59.60 10.05
6 11.30 16.55
10 32.40 16.85
7 20.00 15.40
9 21.20 8.30
11 29.20 0.50
9 3.50 17.30
9 14.95 14.85
9 20.95 17.90
9 42.60 16.35
10 8.85 1.35
10 34.10 16.60
10 27.40 -0.55
9 1.80 -0.60
7 12.65 -2.10
9 -3.80 0.00
9 20.60 -0.20
2 53.90 1.55
10 22.05 16.75
7 17.20 18.30
8 65.25 18.90
8 41.05 4.50
10 60.50 2.95
7 32.15 -0.30
11 43.30 1.15
8 31.70 8.30
11 41.45 16.10
9 29.40 7.75
9 10.65 10.00
7 26.25 0.15
8 41.50 9.85
11 59.35 1.60
9 21.80 -0.25
9 9.30 3.80
8 28.50 12.05
12 52.00 2.15
9 13.30 17.10
9 48.50 17.00
10 12.15 13.80
8 50.40 10.35
9 18.45 13.90
9 41.00 15.40
10 22.90 17.35
9 51.05 10.95
7 31.15 6.60
5 54.15 18.70
11 0.40 1.90
9 31.90 12.90
9 10.80 17.60
9 55.40 17.85
8 8.40 19.70
11 11.00 15.70
10 46.90 16.85
9 8.40 18.75
10 6.30 17.00
3 56.95 1.35
6 17.55 18.15
8 9.35 15.45
6 13.05 -1.95
8 33.35 16.80
8 60.15 13.95
8 8.70 7.65
9 14.90 -1.60
8 20.15 0.20
8 20.35 16.50
10 39.80 17.80
10 60.40 6.75
8 20.05 8.30
6 18.95 19.30
9 31.50 16.35
9 1.00 5.65
7 41.60 4.80
7 21.00 17.70
13 30.15 14.95
10 10.75 5.80
9 60.55 14.65
10 21.25 2.25
8 59.85 17.40
8 29.30 16.30
10 67.05 18.15
7 9.85 1.15
6 23.60 16.40
10 52.20 11.10
8 48.95 17.55
7 32.15 8.45
10 42.00 3.30
10 4.80 17.10
9 60.35 12.85
8 8.70 12.50
7 9.55 7.95
13 29.55 14.70
7 41.70 4.50
10 30.15 16.85
10 59.95 15.60
9 5.60 17.45
9 5.85 0.25
10 19.55 14.10
9 32.35 4.00
9 31.60 2.45
5 17.45 18.60
8 30.55 1.40
8 10.85 10.80
7 59.70 14.30
8 53.10 18.95
4 57.10 1.35
11 1.00 4.20
9 19.40 -0.45
7 52.70 11.90
9 24.65 16.95
7 1.60 8.80
9 30.80 0.95
9 41.95 13.00
10 20.75 1.30
9 3.80 16.60
9 -3.10 1.10
9 51.80 10.05
8 23.90 16.90
9 51.30 10.10
8 44.10 16.80
9 12.40 -0.20
8 48.20 17.35
11 9.75 15.00
6 61.70 13.25
8 57.75 17.90
10 20.60 10.30
7 21.90 5.80
9 39.20 19.45
11 66.20 18.80
9 42.75 5.40
7 11.35 18.40
10 12.00 -0.95
9 51.50 8.35
8 31.35 4.70
8 43.50 5.90
8 11.10 16.00
9 50.50 9.00
8 26.50 -0.10
6 18.25 4.45
10 25.05 -0.25
8 19.85 9.00
6 10.10 12.35
10 21.25 3.45
9 6.95 16.40
8 42.25 15.25
7 42.30 17.85
10 5.50 16.70
10 3.40 16.20
9 12.45 4.40
7 11.25 16.25
8 -0.55 2.20
6 50.20 18.60
9 31.10 7.05
9 30.00 7.30
5 33.80 18.75
10 41.50 12.70
9 1.50 1.75
5 52.90 12.25
9 8.30 16.95
9 42.80 7.10
10 30.75 4.70
9 21.95 16.20
10 20.15 10.85
8 41.80 17.15
11 -1.50 0.80
11 18.40 18.20
8 53.95 18.40
8 9.60 13.05
11 0.70 16.20
6 49.60 12.40
9 -1.00 1.30
10 42.75 7.10
8 50.85 16.50
7 42.60 7.35
6 62.10 6.65
8 47.95 18.55
9 28.95 7.65
6 58.10 12.50
7 10.10 16.95
8 21.10 4.60
9 47.20 17.65
9 56.30 17.70
9 42.95 2.95
9 51.10 6.45
12 11.30 4.95
11 44.80 18.20
10 0.15 17.60
10 50.70 2.40
12 9.50 9.85
9 11.85 2.80
10 26.55 18.95
8 41.80 7.45
9 50.40 13.75
10 31.10 2.70
8 20.00 17.60
11 10.90 7.25
8 18.85 13.75
9 21.40 5.75
9 30.25 16.35
9 42.30 13.00
10 4.90 17.55
7 7.90 16.20
7 11.45 16.70
8 42.15 9.20
9 55.90 16.75
8 22.75 -0.80
8 13.55 14.65
9 7.60 17.85
8 22.60 18.25
9 42.60 1.75
8 31.75 0.35
8 41.40 3.75
9 15.70 -2.00
10 30.40 0.15
9 56.25 18.30
8 35.80 17.10
11 2.10 18.05
8 29.10 9.50
10 11.60 4.10
7 29.15 13.10
12 59.90 1.50
13 30.85 7.80
10 61.10 8.00
11 22.05 16.85
7 13.45 4.45
8 -0.80 1.30
9 20.55 15.05
12 9.35 0.05
13 9.80 11.10
7 25.90 0.40
7 33.40 16.30
8 33.05 -0.75
9 32.50 16.20
12 10.95 0.30
10 30.20 3.25
6 24.10 16.65
8 31.50 4.75
9 50.75 8.25
9 52.65 12.80
7 4.95 18.10
13 0.15 2.10
12 10.30 11.45
8 51.45 9.75
9 27.05 -1.10
8 30.15 5.80
8 51.20 1.80
11 49.25 18.30
9 30.60 5.90
9 38.60 18.85
10 46.50 18.15
8 10.40 5.00
7 15.85 14.30
10 60.95 12.95
6 5.90 16.50
7 13.05 -2.80
7 60.80 11.60
9 1.55 6.55
9 55.75 18.70
10 31.00 16.45
7 32.90 1.35
5 19.30 14.05
6 31.80 -0.30
9 49.10 16.65
8 36.15 16.75
8 65.75 18.95
9 40.70 16.30
5 29.45 2.90
7 11.35 18.05
13 19.40 3.50
9 32.40 -0.55
7 40.80 15.80
9 11.50 2.40
12 66.85 18.35
10 60.60 12.25
9 42.40 11.15
10 42.75 11.05
7 53.00 17.40
8 32.45 1.70
11 32.05 2.95
7 37.80 17.00
10 52.00 3.60
8 9.15 18.45
8 21.25 8.05
7 29.35 3.90
7 6.00 17.70
8 16.65 -2.20
9 37.60 18.00
9 57.45 18.25
8 42.95 2.40
10 59.50 11.55
8 1.15 -0.95
12 31.20 1.70
8 43.05 16.65
9 42.90 6.45
6 50.00 12.30
9 15.50 14.90
4 43.85 5.70
12 60.00 12.90
10 47.55 17.50
10 52.05 3.20
9 0.70 17.90
8 0.40 0.85
8 16.65 -2.05
12 41.75 5.40
8 37.70 17.30
12 42.05 11.55
8 10.75 2.70
6 16.90 -1.85
8 0.00 4.00
3 15.10 18.30
10 60.55 5.30
9 9.65 17.45
9 7.70 17.15
8 42.55 2.65
8 26.75 16.90
7 6.95 0.35
9 65.90 18.75
9 16.50 14.70
8 52.05 15.70
7 22.70 18.90
9 45.95 1.00
6 18.05 4.70
12 20.55 6.10
7 4.95 18.20
7 19.65 8.50
9 59.65 8.00
10 14.70 13.55
8 8.75 4.35
9 23.30 0.70
5 50.45 10.30
9 66.55 17.80
8 10.00 15.70
9 25.70 -0.55
7 8.95 18.45
5 12.40 15.75
9 39.95 19.30
10 50.15 6.80
10 31.15 7.00
10 22.85 0.35
9 7.40 0.20
6 5.00 16.10
9 15.40 -1.80
9 19.70 0.40
9 36.75 1.25
9 34.60 17.40
11 12.00 5.25
10 9.15 3.20
8 9.15 7.60
7 25.60 16.75
7 53.20 12.20
6 59.70 14.15
4 52.55 3.00
6 51.35 6.20
9 9.40 13.65
7 28.30 5.60
7 31.05 6.40
8 45.95 19.20
8 51.90 6.15
10 19.55 18.25
11 30.65 15.20
8 18.40 13.60
11 18.70 19.10
8 9.95 12.35
9 19.70 18.30
8 19.85 12.65
10 7.95 17.60
11 8.75 1.65
8 31.75 7.55
7 53.20 19.15
9 34.95 16.35
8 47.20 0.10
12 30.85 5.30
9 30.15 1.35
9 40.85 18.20
8 24.05 -0.50
9 53.90 18.45
6 27.95 1.10
7 19.80 12.35
9 1.10 5.75
6 60.70 11.50
7 20.15 12.40
8 17.15 14.75
10 29.15 6.05
8 42.15 11.15
9 29.45 6.25
9 16.15 13.90
11 11.80 17.25
10 33.95 17.75
4 15.45 18.30
11 2.10 16.70
9 42.45 10.60
9 30.60 1.80
4 58.70 12.15
7 16.80 -1.50
5 61.55 18.00
8 25.75 18.75
9 13.80 -1.55
9 46.95 0.15
8 3.75 -0.75
9 17.55 -1.40
8 44.50 0.70
9 8.40 16.05
7 61.85 6.55
7 -2.00 -0.65
6 5.95 18.25
8 39.70 18.65
3 62.45 12.80
8 12.35 18.10
11 3.10 16.80
7 29.25 -0.75
6 7.55 16.20
10 24.30 0.10
6 41.70 8.25
8 18.00 14.30
9 59.80 10.95
9 25.35 17.15
9 33.30 11.60
10 21.25 1.30
6 38.85 16.55
12 51.20 7.55
12 18.80 19.00
6 25.05 1.05
8 11.70 0.50
7 22.90 -0.90
12 45.80 17.15
7 15.95 14.60
8 39.50 18.55
9 52.00 17.15
8 11.20 6.20
8 38.70 1.15
9 66.70 19.00
9 51.85 18.50
6 10.80 18.10
9 19.05 14.75
9 31.15 14.05
6 54.05 19.05
7 42.15 10.65
7 59.80 14.40
5 48.45 18.45
12 31.10 3.50
6 29.40 3.30
7 20.40 3.15
11 50.45 15.15
9 20.85 13.70
8 60.35 16.30
8 29.25 15.60
9 11.25 -0.70
6 -1.65 -0.90
8 8.85 17.10
8 56.55 18.40
7 41.35 4.70
7 52.55 2.50
7 62.90 16.90
8 0.60 0.60
13 42.25 16.40
8 39.65 18.45
8 50.00 6.20
11 14.10 -1.00
11 17.80 18.90
10 11.40 2.00
8 29.85 2.75
10 1.75 16.50
10 10.05 16.20
9 52.10 1.40
8 9.10 15.70
8 9.40 16.95
10 20.30 13.10
7 0.85 -0.35
9 31.45 -0.20
7 51.95 14.85
9 13.10 14.70
8 36.55 1.20
11 10.55 16.80
11 19.65 14.20
7 49.95 15.80
6 42.15 18.30
9 10.05 11.95
11 29.50 7.20
9 29.90 0.20
9 50.15 16.70
9 -2.60 0.40
8 11.15 14.75
10 10.65 17.10
8 37.25 18.50
10 58.60 1.15
6 42.65 15.25
9 0.75 2.30
9 60.65 14.90
9 16.60 -1.15
7 23.10 17.95
9 42.35 5.80
7 12.55 3.35
9 50.45 17.85
5 -3.45 0.15
11 31.10 15.60
7 41.15 10.65
8 51.75 17.20
7 32.60 11.50
5 39.95 12.35
6 25.65 16.35
7 41.35 4.10
4 22.10 11.75
10 20.00 2.25
11 11.40 5.50
9 61.10 16.95
11 41.95 7.15
8 9.40 11.75
7 51.20 1.95
3 11.60 12.30
10 36.30 0.45
9 47.95 17.05
7 9.00 19.55
8 30.65 17.10
10 51.35 15.50
8 1.05 2.05
7 11.20 11.25
7 25.40 18.90
7 40.05 0.85
13 30.30 15.80
14 8.60 17.65
6 33.35 16.35
9 42.65 4.10
7 11.00 9.75
4 43.05 7.80
8 52.55 2.45
12 51.00 11.80
9 42.65 7.65
9 26.10 -0.05
10 21.15 6.35
9 51.15 17.30
8 36.20 18.55
8 26.40 -1.10
10 23.85 0.80
5 54.10 18.90
11 1.30 1.65
9 28.45 -1.05
8 38.30 19.30
7 32.20 9.35
13 48.25 17.80
13 60.60 8.30
8 18.20 -1.15
9 37.15 18.35
9 20.35 18.50
4 51.05 4.60
9 42.45 17.40
8 40.85 17.55
13 41.50 11.35
12 20.05 11.40
12 19.70 14.05
9 40.55 18.25
11 59.80 6.90
5 65.20 18.65
9 18.65 12.90
12 43.00 1.50
10 50.50 12.85
12 24.40 -0.50
13 2.75 16.30
5 54.75 17.25
10 10.15 9.15
8 58.50 19.00
9 55.10 17.65
7 -3.15 0.00
16 -0.35 1.75
7 53.30 18.05
10 31.75 5.30
5 12.85 15.55
9 11.30 5.75
10 61.05 5.75
6 44.30 17.15
8 59.80 9.20
9 9.65 14.15
10 31.75 11.65
8 22.80 -0.75
9 58.05 17.30
5 1.35 12.15
9 24.20 16.20
9 7.75 16.95
8 32.05 11.20
3 33.35 5.85
9 31.00 4.60
8 31.10 17.25
9 23.45 16.65
6 43.55 12.10
9 11.85 4.50
11 31.80 1.90
8 2.20 5.30
8 29.60 14.00
9 58.85 18.25
6 23.30 0.95
7 12.85 18.25
9 33.15 0.45
9 11.05 -1.25
8 18.75 12.50
9 53.05 18.10
10 28.00 0.60
7 34.80 16.05
12 24.20 17.90
10 21.25 6.55
10 20.00 2.05
8 34.60 0.45
4 1.55 10.75
7 9.15 11.40
4 43.85 6.00
8 35.55 0.45
13 36.80 17.20
7 -0.95 1.50
7 52.00 17.60
10 53.65 18.90
7 50.50 16.35
13 23.50 17.10
7 40.85 5.60
8 38.85 16.85
11 9.40 6.40
4 52.45 2.90
4 7.90 11.90
5 33.95 18.50
7 61.75 1.40
10 0.05 4.55
10 59.40 17.25
8 41.20 7.70
6 57.20 0.75
12 51.85 13.70
10 52.40 3.65
5 42.25 16.95
10 45.65 18.10
9 24.05 18.50
9 36.45 17.15
8 21.00 -0.15
7 24.60 19.05
7 32.35 9.45
9 38.15 1.25
11 14.15 -2.60
11 46.45 17.35
6 62.80 17.65
8 12.35 17.45
9 42.50 10.60
5 32.20 2.00
9 10.10 16.45
4 32.85 6.35
9 50.85 17.50
10 36.20 17.95
7 56.65 17.00
12 51.35 12.05
10 12.45 14.70
9 31.45 13.95
11 43.20 6.50
8 60.80 11.15
9 52.10 1.45
15 11.25 16.95
10 49.15 17.65
9 11.75 1.30
5 52.90 5.80
9 12.80 -1.75
8 51.45 6.35
11 23.60 -0.65
7 51.30 4.50
3 42.45 18.30
7 61.20 10.00
10 51.75 12.95
8 41.40 10.30
8 9.60 3.90
10 18.65 4.90
12 60.30 16.60
10 11.60 4.20
7 6.25 17.80
9 -1.30 2.20
8 42.55 2.60
13 60.50 15.50
4 46.25 18.90
7 29.40 5.80
9 9.00 8.85
9 50.40 7.80
5 52.55 6.40
4 49.50 5.95
9 58.75 17.20
7 61.10 11.75
12 11.85 15.50
6 -0.70 2.75
8 59.85 15.75
9 43.65 0.70
13 31.35 6.00
13 45.45 17.60
5 63.00 17.35
4 9.65 16.95
7 50.40 12.50
8 32.60 17.80
9 51.15 2.80
5 27.35 1.25
5 51.70 14.80
10 41.75 9.75
4 61.90 6.25
3 61.70 17.70
9 9.65 12.75
7 56.20 18.15
10 51.05 9.55
11 1.90 17.15
13 22.95 -0.25
7 39.40 0.75
7 44.45 0.55
3 52.40 19.40
11 67.00 18.40
11 42.10 6.20
15 60.05 7.50
11 10.35 14.75
7 12.00 0.30
9 20.40 3.55
6 13.30 13.50
12 42.35 5.20
10 0.65 3.50
8 54.25 18.40
15 11.35 17.50
3 33.70 18.85
12 59.75 2.15
11 10.65 1.75
8 19.30 18.50
8 50.75 9.90
9 50.65 14.50
11 9.65 1.45
9 66.20 19.30
8 9.00 2.70
10 9.90 12.15
8 59.55 9.25
8 33.25 16.05
2 44.20 6.00
7 9.70 15.55
11 30.55 0.65
14 48.25 17.55
6 50.90 8.75
8 46.45 0.95
8 66.45 17.50
11 60.75 2.20
6 29.20 3.25
14 19.80 4.65
9 45.45 18.20
7 49.90 13.65
8 20.85 14.25
4 52.05 9.10
11 31.65 16.25
7 33.00 -0.90
8 65.40 18.55
5 20.10 15.45
8 52.65 17.45
8 9.55 8.15
4 1.90 11.40
5 10.20 -0.55
10 10.70 9.00
7 60.90 14.60
3 53.65 17.10
11 35.85 17.55
2 56.70 1.15
11 30.35 16.25
4 28.25 11.70
5 4.60 18.00
11 34.90 17.35
7 39.50 16.55
6 11.25 11.75
8 61.15 0.75
8 39.35 1.25
6 43.85 17.35
5 6.70 -0.35
11 43.30 0.50
7 30.65 -0.60
10 32.30 16.35
9 50.25 7.30
13 29.75 15.00
5 44.10 17.90
7 30.30 -0.80
10 12.40 4.85
8 29.75 5.85
4 49.75 12.20
7 61.35 0.90
5 1.40 14.05
11 0.30 4.60
2 55.20 19.15
7 7.10 -0.25
12 26.75 -0.30
7 42.50 14.40
12 29.55 0.10
17 10.30 2.45
7 7.90 18.35
3 39.45 12.15
5 28.15 6.20
11 22.80 16.75
11 26.95 0.55
6 29.55 -1.00
6 4.60 -0.75
10 11.05 1.60
6 9.15 10.95
6 12.50 3.75
6 37.70 16.65
9 61.35 1.60
6 32.30 11.85
9 15.15 14.45
13 50.80 5.75
6 41.25 6.25
11 31.45 6.95
9 10.90 14.85
5 30.35 -0.90
6 -0.80 -0.80
8 31.50 2.65
14 66.45 18.20
13 -1.10 1.45
8 18.55 -1.35
10 41.65 11.65
9 9.70 0.90
4 63.90 17.40
7 7.75 16.25
7 19.80 12.55
9 31.50 -0.30
20 30.35 6.65
12 24.10 17.70
2 56.90 1.45
8 21.15 -0.20
10 8.15 16.90
11 31.70 0.30
8 4.55 16.40
7 50.35 7.75
11 38.40 18.55
8 34.10 1.05
9 44.60 17.45
5 29.45 -0.95
9 58.30 17.55
5 50.70 4.00
12 30.80 6.10
6 11.15 6.40
8 22.15 -0.60
7 50.60 7.70
10 31.25 15.20
12 41.95 16.80
7 8.60 18.15
8 9.50 7.50
11 1.75 3.60
8 50.75 10.10
10 20.60 9.75
10 57.40 18.75
6 21.10 14.75
7 54.25 19.05
13 59.60 7.05
8 23.45 16.25
11 41.80 7.10
7 21.35 4.95
10 37.40 0.65
13 41.75 10.65
7 20.90 16.70
7 19.60 -0.55
7 41.00 9.60
13 18.50 18.35
16 38.30 17.90
11 10.70 3.20
8 26.10 17.30
10 35.30 16.85
14 30.85 2.10
3 42.60 14.90
11 44.90 17.50
7 44.40 0.45
15 29.85 6.80
7 54.55 19.25
8 42.55 14.00
8 56.45 18.30
10 8.55 16.80
16 20.25 4.85
8 13.50 -2.70
6 42.25 9.10
7 29.60 4.10
6 51.50 14.85
9 10.40 10.95
4 -1.10 18.20
6 19.35 19.15
9 37.50 17.05
6 35.00 0.80
4 28.20 1.20
4 43.75 12.65
10 36.40 17.60
4254
0 128 
0 176 
0 299 
0 354 
0 369 
0 582 
0 691 
0 734 
0 930 
1 94 
1 107 
1 581 
1 633 
1 762 
1 791 
1 811 
1 934 
2 169 
2 173 
2 212 
2 371 
2 458 
2 823 
2 844 
2 961 
3 88 
3 148 
3 172 
3 211 
3 290 
3 352 
3 710 
3 911 
3 967 
4 40 
4 182 
4 248 
4 553 
4 697 
4 753 
4 761 
4 810 
4 948 
4 982 
5 178 
5 259 
5 307 
5 396 
5 410 
5 440 
5 601 
5 839 
6 31 
6 357 
6 370 
6 730 
6 821 
7 115 
7 149 
7 186 
7 229 
7 294 
7 490 
7 517 
7 549 
7 587 
7 975 
8 179 
8 310 
8 343 
8 578 
8 686 
8 689 
8 770 
8 822 
8 987 
9 339 
9 360 
9 390 
9 398 
9 597 
9 719 
9 867 
9 937 
9 943 
10 145 
10 244 
10 293 
10 299 
10 532 
10 576 
10 609 
10 930 
11 17 
11 210 
11 400 
11 435 
11 588 
11 779 
11 846 
11 907 
12 105 
12 196 
12 439 
12 454 
12 668 
12 679 
12 696 
12 831 
12 850 
12 966 
13 320 
13 332 
13 634 
13 655 
13 748 
13 968 
13 991 
14 46 
14 213 
14 250 
14 304 
14 375 
14 667 
14 778 
14 855 
15 207 
15 253 
15 416 
15 702 
15 716 
15 747 
15 803 
15 950 
15 963 
16 301 
16 556 
16 608 
16 621 
16 625 
16 642 
16 735 
16 737 
16 768 
17 30 
17 318 
17 347 
17 400 
17 588 
17 842 
17 907 
18 44 
18 109 
18 164 
18 203 
18 220 
18 563 
18 715 
18 880 
18 893 
19 88 
19 148 
19 172 
19 211 
19 352 
19 710 
19 738 
20 61 
20 120 
20 170 
20 226 
20 489 
20 562 
20 602 
20 677 
21 254 
21 291 
21 493 
21 506 
21 509 
21 595 
21 630 
21 676 
21 936 
21 962 
22 47 
22 59 
22 344 
22 392 
22 408 
22 733 
22 755 
22 918 
22 997 
22 1001 
23 138 
23 148 
23 194 
23 290 
23 323 
23 337 
23 352 
23 671 
23 972 
24 219 
24 317 
24 476 
24 687 
24 741 
24 799 
24 871 
24 874 
24 959 
25 71 
25 243 
25 276 
25 345 
25 518 
25 537 
25 685 
25 824 
25 881 
26 34 
26 85 
26 111 
26 112 
26 118 
26 451 
26 790 
26 861 
26 989 
27 76 
27 168 
27 181 
27 264 
27 463 
27 772 
27 805 
27 832 
27 925 
28 157 
28 281 
28 282 
28 305 
28 350 
28 466 
28 606 
28 924 
28 938 
28 984 
29 31 
29 76 
29 168 
29 270 
29 370 
29 491 
29 605 
29 644 
29 884 
30 100 
30 163 
30 313 
30 347 
30 379 
30 475 
30 789 
30 792 
30 977 
31 296 
31 370 
31 482 
31 605 
31 635 
31 821 
31 849 
32 176 
32 235 
32 285 
32 369 
32 615 
32 643 
32 663 
32 837 
32 960 
33 117 
33 126 
33 274 
33 292 
33 502 
33 604 
33 673 
33 674 
33 678 
34 56 
34 118 
34 267 
34 397 
34 450 
34 790 
34 861 
34 989 
35 62 
35 97 
35 215 
35 311 
35 338 
35 340 
35 417 
35 442 
35 682 
35 795 
36 175 
36 295 
36 405 
36 504 
36 736 
36 838 
36 870 
36 876 
37 217 
37 381 
37 418 
37 426 
37 543 
37 775 
38 46 
38 213 
38 250 
38 375 
38 667 
38 855 
39 294 
39 487 
39 492 
39 843 
39 975 
40 113 
40 182 
40 309 
40 378 
40 427 
40 553 
40 639 
40 761 
40 810 
41 289 
41 376 
41 500 
41 511 
41 513 
41 708 
41 798 
41 897 
41 952 
42 260 
42 383 
42 525 
42 586 
42 720 
42 760 
42 990 
43 74 
43 133 
43 226 
43 355 
43 572 
43 602 
43 677 
43 869 
44 51 
44 57 
44 177 
44 203 
44 220 
44 488 
44 715 
44 773 
44 956 
45 77 
45 240 
45 597 
45 607 
45 854 
45 895 
45 926 
45 937 
46 167 
46 250 
46 375 
46 391 
46 639 
46 667 
46 855 
47 59 
47 392 
47 408 
47 755 
47 918 
47 997 
47 1001 
48 94 
48 107 
48 205 
48 566 
48 573 
48 616 
48 791 
48 796 
49 98 
49 320 
49 332 
49 655 
49 748 
49 818 
49 974 
49 991 
50 178 
50 264 
50 278 
50 515 
50 601 
50 611 
50 839 
51 57 
51 177 
51 203 
51 488 
51 563 
51 623 
51 773 
51 866 
51 956 
52 156 
52 171 
52 273 
52 394 
52 399 
52 583 
52 614 
52 905 
52 986 
53 261 
53 366 
53 800 
53 823 
53 844 
53 945 
53 955 
53 961 
54 102 
54 203 
54 220 
54 222 
54 327 
54 647 
54 879 
54 893 
55 241 
55 284 
55 328 
55 403 
55 404 
55 434 
55 711 
55 932 
55 986 
55 1000 
56 85 
56 111 
56 112 
56 118 
56 450 
56 790 
56 861 
56 989 
57 203 
57 220 
57 563 
57 623 
57 647 
57 773 
57 893 
57 956 
58 122 
58 312 
58 409 
58 481 
58 486 
58 782 
58 922 
58 951 
59 408 
59 433 
59 547 
59 733 
59 740 
59 755 
59 997 
60 175 
60 179 
60 343 
60 386 
60 662 
60 689 
60 838 
60 965 
60 985 
61 170 
61 226 
61 325 
61 489 
61 542 
61 602 
61 677 
62 97 
62 154 
62 215 
62 311 
62 338 
62 417 
62 442 
62 682 
62 795 
63 71 
63 216 
63 224 
63 243 
63 275 
63 276 
63 329 
63 382 
64 227 
64 262 
64 289 
64 407 
64 500 
64 568 
64 693 
64 708 
65 79 
65 137 
65 380 
65 424 
65 446 
65 455 
65 510 
65 514 
65 921 
66 116 
66 206 
66 242 
66 271 
66 397 
66 546 
66 570 
66 631 
66 727 
66 834 
67 415 
67 433 
67 659 
67 733 
67 769 
67 946 
67 976 
67 1001 
68 176 
68 354 
68 369 
68 615 
68 691 
68 734 
68 794 
68 930 
69 80 
69 83 
69 165 
69 316 
69 428 
69 592 
69 776 
69 815 
70 159 
70 266 
70 268 
70 358 
70 461 
70 540 
70 656 
70 661 
70 684 
71 136 
71 216 
71 224 
71 243 
71 329 
71 368 
71 452 
72 134 
72 197 
72 254 
72 291 
72 411 
72 453 
72 676 
72 962 
73 83 
73 165 
73 409 
73 428 
73 751 
74 226 
74 562 
74 602 
74 677 
74 864 
74 964 
75 83 
75 165 
75 409 
75 428 
75 751 
76 168 
76 181 
76 251 
76 610 
76 699 
76 772 
76 805 
76 832 
76 925 
77 135 
77 230 
77 240 
77 501 
77 854 
77 890 
77 906 
78 84 
78 209 
78 257 
78 401 
78 459 
78 829 
78 858 
78 929 
79 120 
79 170 
79 325 
79 489 
79 510 
79 514 
79 542 
79 681 
79 721 
80 165 
80 316 
80 374 
80 499 
80 526 
80 592 
80 636 
80 776 
80 815 
81 184 
81 216 
81 275 
81 329 
81 368 
81 452 
81 533 
81 793 
82 140 
82 225 
82 356 
82 444 
82 468 
82 495 
82 527 
82 903 
82 914 
83 165 
83 409 
83 580 
83 653 
83 751 
84 104 
84 209 
84 401 
84 459 
84 829 
84 858 
84 868 
84 929 
85 118 
85 267 
85 397 
85 450 
85 790 
85 861 
85 989 
86 198 
86 487 
86 490 
86 492 
86 671 
86 975 
87 262 
87 289 
87 365 
87 407 
87 500 
87 568 
87 693 
87 708 
88 238 
88 704 
88 911 
88 967 
89 363 
89 412 
89 501 
89 520 
89 569 
89 860 
89 980 
89 992 
90 93 
90 287 
90 441 
90 462 
90 494 
90 577 
90 942 
90 988 
91 151 
91 258 
91 432 
91 629 
91 650 
91 836 
92 227 
92 228 
92 322 
92 388 
92 406 
92 407 
92 420 
92 713 
92 928 
93 123 
93 183 
93 336 
93 410 
93 462 
93 494 
93 648 
94 107 
94 207 
94 223 
94 633 
94 747 
94 796 
94 807 
95 154 
95 449 
95 526 
95 682 
95 808 
95 857 
95 889 
96 104 
96 209 
96 257 
96 401 
96 459 
96 829 
96 858 
96 929 
97 154 
97 338 
97 442 
97 646 
97 682 
97 795 
97 826 
97 886 
98 300 
98 302 
98 634 
98 655 
98 748 
98 968 
99 121 
99 152 
99 161 
99 196 
99 349 
99 439 
99 696 
99 841 
99 859 
99 919 
100 163 
100 204 
100 313 
100 379 
100 456 
100 632 
100 695 
100 741 
100 789 
101 103 
101 200 
101 235 
101 385 
101 507 
101 837 
101 901 
101 960 
102 208 
102 220 
102 222 
102 443 
102 477 
102 574 
102 628 
102 893 
102 978 
103 200 
103 235 
103 385 
103 507 
103 746 
103 901 
103 960 
104 209 
104 257 
104 401 
104 459 
104 829 
104 858 
104 929 
105 130 
105 196 
105 351 
105 454 
105 679 
105 698 
105 831 
105 850 
105 966 
106 114 
106 124 
106 297 
106 315 
106 345 
106 429 
106 518 
106 590 
106 824 
106 995 
107 223 
107 573 
107 633 
107 747 
107 791 
107 803 
107 807 
108 190 
108 205 
108 223 
108 426 
108 616 
108 796 
108 875 
109 164 
109 220 
109 346 
109 348 
109 700 
109 715 
109 893 
110 132 
110 141 
110 361 
110 516 
110 814 
110 851 
110 891 
111 118 
111 326 
111 657 
111 726 
111 861 
112 118 
112 326 
112 451 
112 657 
112 726 
112 861 
113 167 
113 182 
113 250 
113 304 
113 309 
113 667 
113 761 
113 855 
114 297 
114 315 
114 345 
114 429 
114 518 
114 590 
114 824 
114 995 
115 294 
115 490 
115 549 
115 587 
115 975 
116 206 
116 271 
116 308 
116 397 
116 631 
116 727 
116 861 
117 139 
117 156 
117 274 
117 583 
117 673 
118 451 
118 790 
118 989 
119 261 
119 312 
119 366 
119 465 
119 782 
119 800 
119 892 
119 945 
120 170 
120 325 
120 389 
120 542 
120 681 
120 721 
121 152 
121 161 
121 349 
121 613 
121 745 
121 841 
121 859 
121 885 
121 899 
121 919 
122 316 
122 409 
122 428 
122 672 
122 751 
122 784 
122 815 
122 922 
123 410 
123 494 
123 640 
123 648 
123 908 
124 276 
124 297 
124 518 
124 537 
124 590 
124 685 
124 703 
124 824 
124 900 
125 135 
125 142 
125 372 
125 538 
125 664 
125 723 
125 904 
125 906 
125 913 
125 949 
126 156 
126 195 
126 292 
126 394 
126 502 
126 678 
126 957 
127 151 
127 320 
127 432 
127 579 
127 634 
127 739 
127 748 
127 830 
127 923 
127 968 
128 143 
128 176 
128 354 
128 419 
128 430 
128 596 
128 663 
128 927 
129 283 
129 473 
129 516 
129 659 
129 744 
129 769 
129 840 
129 877 
129 882 
129 979 
130 384 
130 418 
130 508 
130 543 
130 668 
130 698 
130 775 
130 786 
130 850 
131 181 
131 264 
131 515 
131 601 
131 611 
131 839 
132 189 
132 199 
132 359 
132 361 
132 649 
132 814 
132 851 
132 866 
132 891 
133 194 
133 226 
133 355 
133 562 
133 602 
133 964 
134 197 
134 254 
134 269 
134 451 
134 453 
134 657 
134 726 
134 962 
135 342 
135 501 
135 505 
135 538 
135 607 
135 723 
135 854 
135 906 
135 999 
136 216 
136 243 
136 276 
136 329 
136 537 
136 685 
136 881 
136 944 
137 335 
137 380 
137 424 
137 446 
137 455 
137 514 
137 554 
137 599 
138 148 
138 194 
138 323 
138 352 
138 487 
138 492 
138 671 
138 972 
139 156 
139 273 
139 292 
139 421 
139 614 
139 673 
139 752 
139 957 
140 210 
140 356 
140 468 
140 475 
140 842 
140 846 
140 848 
140 907 
140 933 
141 189 
141 359 
141 473 
141 498 
141 516 
141 649 
141 724 
141 851 
141 882 
142 159 
142 266 
142 372 
142 656 
142 660 
142 664 
142 723 
142 904 
142 912 
143 285 
143 419 
143 430 
143 527 
143 582 
143 596 
143 663 
143 927 
144 260 
144 383 
144 525 
144 586 
144 720 
144 760 
144 990 
145 244 
145 293 
145 299 
145 532 
145 576 
145 609 
145 690 
145 930 
146 162 
146 193 
146 236 
146 242 
146 471 
146 546 
146 941 
146 954 
146 973 
147 592 
147 776 
148 172 
148 202 
148 290 
148 710 
148 911 
148 972 
149 294 
149 490 
149 517 
149 549 
149 587 
149 975 
150 257 
150 393 
150 401 
150 445 
150 459 
150 559 
150 847 
150 929 
151 201 
151 215 
151 221 
151 432 
151 739 
151 836 
152 161 
152 349 
152 745 
152 841 
152 859 
152 885 
152 899 
152 919 
153 339 
153 360 
153 597 
153 719 
153 867 
153 937 
153 943 
154 338 
154 417 
154 529 
154 795 
154 808 
154 827 
154 889 
154 983 
155 174 
155 281 
155 350 
155 466 
155 496 
155 666 
155 758 
155 924 
156 171 
156 273 
156 292 
156 394 
156 399 
156 583 
156 957 
157 282 
157 346 
157 350 
157 511 
157 513 
157 606 
157 938 
157 984 
158 231 
158 317 
158 357 
158 370 
158 644 
158 687 
158 874 
158 916 
158 994 
159 268 
159 461 
159 660 
159 904 
159 912 
160 332 
160 519 
160 565 
160 624 
160 764 
160 971 
160 974 
160 991 
161 234 
161 349 
161 613 
161 841 
161 859 
161 885 
161 899 
161 919 
162 334 
162 467 
162 546 
162 552 
162 701 
162 756 
162 825 
162 941 
163 379 
163 435 
163 456 
163 475 
163 848 
163 907 
163 977 
164 220 
164 346 
164 348 
164 700 
164 715 
164 893 
165 374 
165 580 
165 592 
165 636 
165 653 
165 742 
165 776 
166 331 
166 463 
166 515 
166 536 
166 694 
166 718 
166 763 
166 777 
166 839 
167 213 
167 391 
167 427 
167 639 
167 667 
167 778 
167 855 
168 335 
168 599 
168 610 
168 637 
168 772 
168 835 
168 925 
169 173 
169 245 
169 247 
169 265 
169 371 
169 823 
169 844 
170 226 
170 389 
170 542 
170 562 
170 681 
171 273 
171 394 
171 583 
171 614 
171 905 
171 957 
171 981 
172 246 
172 337 
172 352 
172 618 
172 710 
172 738 
172 911 
173 212 
173 245 
173 247 
173 654 
173 771 
173 844 
173 961 
174 350 
174 376 
174 496 
174 809 
174 938 
174 952 
175 497 
175 736 
175 985 
176 279 
176 285 
176 430 
176 615 
176 643 
176 663 
176 691 
177 545 
177 563 
177 626 
177 700 
177 706 
177 773 
177 920 
178 259 
178 307 
178 396 
178 601 
178 611 
178 777 
178 839 
179 310 
179 333 
179 343 
179 386 
179 686 
179 822 
179 987 
180 183 
180 336 
180 410 
180 462 
180 640 
180 648 
180 908 
180 958 
181 278 
181 331 
181 460 
181 591 
181 610 
181 805 
181 832 
181 925 
182 250 
182 309 
182 378 
182 427 
182 553 
182 639 
182 761 
183 336 
183 410 
183 462 
183 640 
183 648 
183 908 
183 958 
184 224 
184 272 
184 275 
184 382 
184 413 
184 441 
184 533 
184 705 
184 793 
185 349 
185 613 
185 749 
186 294 
186 490 
186 549 
186 587 
186 975 
187 251 
187 460 
187 530 
187 591 
187 594 
187 699 
187 766 
187 832 
188 249 
188 260 
188 383 
188 586 
188 760 
188 990 
189 359 
189 361 
189 516 
189 814 
189 851 
189 891 
190 205 
190 217 
190 232 
190 381 
190 426 
190 616 
190 875 
191 219 
191 317 
191 324 
191 687 
191 741 
191 799 
191 871 
191 959 
192 341 
192 414 
192 431 
192 470 
192 525 
192 586 
192 617 
192 760 
192 990 
193 236 
193 242 
193 546 
193 727 
193 756 
193 941 
193 973 
194 202 
194 290 
194 355 
194 869 
194 972 
195 502 
195 534 
195 555 
195 584 
195 674 
195 678 
195 740 
195 883 
195 976 
196 351 
196 439 
196 668 
196 679 
196 696 
196 831 
196 966 
197 254 
197 269 
197 411 
197 657 
197 726 
197 962 
198 294 
198 487 
198 587 
198 843 
198 975 
199 361 
199 387 
199 623 
199 641 
199 709 
199 879 
199 891 
199 956 
200 235 
200 385 
200 437 
200 714 
200 746 
200 837 
200 901 
201 340 
201 432 
201 619 
201 629 
201 739 
201 836 
202 323 
202 352 
202 487 
202 492 
202 671 
203 220 
203 488 
203 574 
203 623 
203 647 
203 715 
203 879 
203 956 
204 313 
204 324 
204 379 
204 474 
204 557 
204 632 
204 695 
204 741 
204 953 
205 223 
205 232 
205 479 
205 566 
205 796 
205 807 
206 242 
206 271 
206 397 
206 546 
206 570 
206 631 
206 727 
206 834 
207 573 
207 633 
207 716 
207 791 
207 803 
207 950 
208 222 
208 327 
208 574 
208 641 
208 647 
208 879 
208 893 
209 257 
209 445 
209 459 
209 559 
209 858 
209 929 
210 356 
210 362 
210 842 
210 907 
210 915 
211 246 
211 364 
211 704 
211 738 
212 237 
212 245 
212 247 
212 286 
212 371 
212 478 
212 654 
212 771 
213 250 
213 375 
213 391 
213 667 
213 855 
214 281 
214 350 
214 466 
214 496 
214 666 
214 758 
214 924 
215 221 
215 311 
215 340 
215 417 
215 442 
215 629 
215 795 
216 224 
216 275 
216 368 
216 469 
216 881 
216 944 
217 252 
217 381 
217 384 
217 402 
217 479 
217 508 
217 804 
218 270 
218 296 
218 482 
218 491 
218 635 
218 743 
218 821 
218 849 
219 324 
219 476 
219 687 
219 741 
219 799 
220 348 
220 488 
220 574 
220 647 
220 715 
221 340 
221 432 
221 629 
221 650 
221 836 
222 327 
222 387 
222 574 
222 641 
222 647 
222 709 
222 879 
223 232 
223 566 
223 573 
223 616 
223 791 
223 796 
224 275 
224 329 
224 368 
224 452 
224 793 
225 356 
225 444 
225 468 
225 495 
225 527 
225 888 
225 903 
225 914 
226 325 
226 489 
226 562 
226 595 
227 262 
227 365 
227 407 
227 568 
227 693 
227 708 
227 928 
228 322 
228 406 
228 407 
228 420 
228 568 
228 713 
228 765 
228 980 
229 294 
229 490 
229 549 
229 975 
230 240 
230 342 
230 420 
230 607 
230 713 
230 854 
230 980 
231 317 
231 357 
231 370 
231 605 
231 644 
231 651 
231 884 
232 426 
232 616 
232 796 
232 875 
233 295 
233 504 
233 564 
233 662 
233 692 
233 722 
233 736 
233 828 
234 349 
234 613 
234 749 
235 437 
235 507 
235 714 
235 746 
235 837 
235 901 
235 960 
236 242 
236 471 
236 528 
236 669 
236 756 
236 931 
236 941 
237 367 
237 478 
237 654 
237 750 
237 771 
237 787 
238 246 
238 364 
238 544 
238 628 
238 704 
238 725 
238 738 
238 939 
239 385 
239 507 
239 703 
239 714 
239 729 
239 872 
239 901 
240 339 
240 342 
240 420 
240 501 
240 520 
240 943 
241 284 
241 434 
241 675 
241 711 
241 905 
241 932 
241 986 
241 1000 
242 471 
242 631 
242 727 
242 756 
242 941 
243 276 
243 469 
243 537 
243 685 
243 944 
244 293 
244 299 
244 532 
244 609 
244 622 
244 690 
244 930 
245 247 
245 458 
245 823 
245 844 
245 865 
245 961 
246 704 
246 710 
246 725 
246 939 
246 967 
247 458 
247 823 
247 844 
247 865 
247 961 
248 314 
248 421 
248 810 
248 887 
248 894 
248 948 
248 982 
249 260 
249 362 
249 551 
249 575 
249 720 
249 779 
249 781 
249 833 
250 427 
250 778 
251 460 
251 482 
251 591 
251 593 
251 610 
251 699 
251 832 
251 853 
251 925 
252 381 
252 402 
252 426 
252 804 
252 875 
253 578 
253 688 
253 702 
253 716 
253 803 
253 950 
253 963 
254 269 
254 291 
254 453 
254 630 
254 676 
254 962 
255 308 
255 326 
255 451 
255 657 
255 726 
255 969 
255 989 
256 377 
256 464 
256 534 
256 555 
256 584 
256 665 
256 678 
256 946 
256 976 
257 401 
257 559 
257 680 
257 829 
257 868 
257 929 
258 263 
258 422 
258 425 
258 432 
258 619 
258 731 
258 774 
258 830 
259 515 
259 561 
259 763 
259 777 
259 839 
260 362 
260 551 
260 575 
260 720 
260 781 
260 833 
261 265 
261 366 
261 548 
261 800 
261 823 
261 856 
261 865 
262 289 
262 500 
262 568 
262 693 
262 809 
263 288 
263 300 
263 422 
263 619 
263 774 
263 836 
263 852 
264 331 
264 591 
264 766 
264 777 
264 805 
265 366 
265 371 
265 800 
265 823 
265 844 
265 945 
265 961 
266 268 
266 358 
266 372 
266 461 
266 660 
266 912 
267 397 
267 790 
267 861 
267 989 
268 358 
268 461 
268 503 
268 540 
268 550 
268 656 
268 684 
269 291 
269 411 
269 453 
269 676 
269 962 
270 296 
270 357 
270 370 
270 821 
271 308 
271 397 
271 570 
271 631 
271 834 
271 969 
271 989 
272 275 
272 287 
272 330 
272 382 
272 441 
272 539 
272 935 
272 942 
273 399 
273 583 
273 905 
273 986 
274 292 
274 421 
274 583 
274 752 
274 957 
275 329 
275 413 
275 469 
275 944 
276 469 
276 518 
276 537 
276 685 
276 944 
277 313 
277 347 
277 353 
277 474 
277 620 
277 632 
277 712 
277 792 
277 917 
278 515 
278 601 
278 611 
278 777 
278 805 
279 299 
279 354 
279 369 
279 734 
279 794 
279 806 
279 930 
280 375 
280 560 
280 621 
280 658 
280 768 
280 778 
281 350 
281 484 
281 496 
281 809 
281 938 
281 952 
282 305 
282 350 
282 466 
282 513 
282 606 
282 938 
282 984 
283 473 
283 516 
283 814 
283 882 
284 328 
284 403 
284 434 
284 512 
284 627 
284 675 
284 932 
284 986 
285 369 
285 430 
285 582 
285 615 
285 643 
285 691 
286 367 
286 654 
286 750 
286 771 
287 330 
287 441 
287 494 
287 577 
287 648 
287 705 
287 935 
288 320 
288 422 
288 634 
288 652 
288 655 
288 774 
288 830 
288 968 
289 365 
289 373 
289 376 
289 500 
289 568 
289 693 
290 352 
290 710 
290 911 
290 967 
290 972 
291 493 
291 506 
291 509 
291 676 
291 936 
291 962 
292 583 
292 673 
292 674 
293 299 
293 354 
293 532 
293 609 
293 691 
293 734 
293 794 
293 930 
294 487 
294 490 
294 549 
294 587 
295 564 
295 662 
295 692 
295 722 
295 736 
295 965 
296 482 
296 491 
296 605 
296 699 
296 849 
297 315 
297 345 
297 429 
297 518 
297 590 
297 685 
297 824 
297 900 
298 321 
298 654 
298 683 
298 771 
298 813 
298 863 
299 369 
299 691 
299 794 
300 320 
300 422 
300 634 
300 652 
300 655 
300 774 
300 830 
300 968 
301 556 
301 571 
301 603 
301 608 
301 642 
301 658 
301 768 
302 320 
302 422 
302 634 
302 652 
302 774 
302 968 
303 351 
303 439 
303 668 
303 679 
303 696 
303 831 
304 309 
304 375 
304 427 
304 567 
304 667 
304 855 
305 346 
305 511 
305 513 
305 606 
305 910 
305 938 
305 984 
306 402 
306 418 
306 426 
306 479 
306 521 
306 543 
307 440 
307 591 
307 594 
307 611 
307 777 
308 326 
308 451 
308 834 
308 861 
308 989 
309 378 
309 639 
309 667 
309 761 
309 855 
310 333 
310 343 
310 386 
310 578 
310 689 
310 770 
310 987 
311 338 
311 340 
311 417 
311 650 
311 682 
311 795 
312 465 
312 486 
312 548 
312 585 
312 892 
312 922 
312 955 
313 347 
313 474 
313 557 
313 632 
313 695 
313 712 
313 792 
313 896 
314 485 
314 553 
314 697 
314 753 
314 810 
314 862 
314 887 
314 894 
314 948 
314 982 
315 345 
315 429 
315 518 
315 590 
315 685 
315 824 
315 995 
316 374 
316 428 
316 592 
316 636 
316 776 
316 815 
316 951 
317 357 
317 651 
317 687 
317 730 
317 799 
317 874 
317 916 
317 994 
318 347 
318 400 
318 435 
318 588 
318 620 
318 792 
318 917 
318 977 
319 443 
319 477 
319 524 
319 544 
319 645 
319 725 
319 754 
319 757 
319 939 
319 978 
320 655 
320 748 
321 423 
321 571 
321 683 
321 750 
321 813 
321 845 
321 863 
321 993 
322 363 
322 407 
322 420 
322 520 
322 568 
322 589 
322 713 
322 980 
323 487 
323 492 
323 671 
323 843 
323 972 
324 476 
324 557 
324 695 
324 741 
324 871 
324 874 
324 953 
324 959 
325 389 
325 602 
325 677 
325 681 
326 451 
326 657 
326 726 
326 969 
326 989 
327 387 
327 488 
327 623 
327 641 
327 647 
327 709 
328 434 
328 675 
328 711 
328 905 
328 932 
328 986 
328 1000 
329 368 
329 413 
329 452 
329 881 
330 530 
330 593 
330 705 
330 942 
330 988 
331 515 
331 601 
331 611 
331 839 
332 519 
332 541 
332 788 
332 818 
332 974 
333 343 
333 578 
333 686 
333 689 
333 770 
333 822 
333 987 
334 457 
334 467 
334 503 
334 684 
334 783 
334 825 
334 954 
335 455 
335 694 
335 772 
335 805 
335 835 
335 921 
336 441 
336 648 
336 705 
336 908 
336 942 
336 958 
337 352 
337 448 
337 618 
337 738 
337 754 
337 911 
338 417 
338 442 
338 795 
338 889 
339 390 
339 398 
339 597 
339 854 
339 937 
340 442 
340 579 
340 650 
341 414 
341 431 
341 436 
341 522 
341 528 
341 586 
341 617 
341 760 
342 597 
342 607 
342 854 
342 890 
342 895 
342 906 
342 926 
343 386 
343 416 
343 689 
343 963 
344 498 
344 733 
344 755 
344 769 
344 882 
344 979 
344 1001 
345 429 
345 518 
345 537 
345 590 
345 685 
345 824 
346 350 
346 606 
346 880 
346 984 
347 474 
347 620 
347 896 
347 917 
347 977 
348 563 
348 715 
348 880 
348 893 
349 613 
349 745 
349 841 
349 859 
349 885 
349 919 
350 466 
350 484 
350 496 
350 924 
350 938 
351 454 
351 531 
351 668 
351 679 
351 698 
351 831 
351 966 
352 710 
352 911 
352 972 
353 474 
353 620 
353 712 
353 792 
353 896 
353 917 
354 369 
354 691 
354 794 
355 572 
355 602 
355 677 
355 864 
355 869 
355 964 
356 362 
356 468 
356 495 
356 575 
356 720 
356 846 
356 873 
356 933 
357 370 
357 491 
357 605 
357 635 
357 730 
357 849 
357 916 
357 994 
358 461 
358 660 
358 904 
358 912 
359 361 
359 498 
359 724 
359 891 
360 390 
360 398 
360 597 
360 719 
360 937 
360 943 
361 387 
361 649 
361 851 
361 866 
362 551 
362 575 
362 779 
362 833 
362 842 
362 873 
362 915 
362 933 
363 395 
363 412 
363 568 
363 569 
363 589 
363 860 
363 980 
363 992 
364 710 
364 738 
364 939 
364 967 
365 500 
365 568 
365 693 
365 708 
365 809 
366 548 
366 800 
366 856 
366 892 
366 945 
367 478 
367 598 
367 654 
367 683 
367 750 
367 771 
367 787 
368 413 
368 793 
369 615 
369 643 
369 663 
369 691 
369 734 
369 806 
370 491 
370 605 
370 635 
370 849 
370 994 
371 458 
371 844 
371 865 
371 961 
372 461 
372 656 
372 660 
372 664 
372 904 
372 912 
373 500 
373 511 
373 513 
373 798 
373 938 
373 952 
373 984 
374 580 
374 592 
374 653 
374 776 
374 815 
375 567 
375 621 
375 667 
375 778 
375 855 
376 484 
376 500 
376 809 
376 897 
376 938 
376 984 
377 415 
377 464 
377 534 
377 555 
377 584 
377 612 
377 665 
377 976 
378 427 
378 485 
378 553 
378 753 
378 761 
378 797 
378 862 
379 557 
379 632 
379 695 
379 789 
380 424 
380 446 
380 455 
380 510 
380 921 
381 384 
381 402 
381 426 
381 508 
381 535 
381 804 
382 413 
382 469 
382 793 
383 525 
383 586 
383 760 
383 781 
384 402 
384 418 
384 426 
384 543 
385 507 
385 714 
385 746 
385 901 
385 960 
386 578 
386 689 
386 822 
386 985 
386 987 
387 623 
387 641 
387 647 
387 709 
387 866 
387 956 
388 406 
388 713 
388 719 
388 765 
388 943 
388 947 
389 489 
389 562 
390 398 
390 890 
390 943 
391 603 
391 608 
391 639 
391 667 
391 778 
391 855 
392 498 
392 733 
392 769 
392 877 
392 979 
392 1001 
393 401 
393 559 
393 680 
393 829 
393 847 
393 868 
393 929 
394 399 
394 583 
394 674 
394 883 
394 957 
395 412 
395 520 
395 980 
395 992 
396 515 
396 561 
396 763 
396 777 
396 839 
397 570 
397 631 
397 727 
397 790 
397 834 
397 861 
398 597 
398 719 
398 867 
398 937 
398 943 
399 583 
399 883 
399 957 
400 435 
400 779 
400 842 
400 907 
400 915 
400 977 
401 445 
401 459 
401 559 
401 847 
401 858 
402 418 
402 426 
402 508 
402 775 
402 804 
403 434 
403 519 
403 565 
403 675 
403 788 
403 932 
403 971 
404 434 
404 512 
404 519 
404 565 
404 675 
404 711 
404 764 
404 932 
404 971 
405 504 
405 556 
405 625 
405 692 
405 722 
405 735 
406 407 
406 420 
406 713 
406 719 
406 928 
407 568 
407 713 
407 765 
407 928 
408 415 
408 547 
408 740 
408 976 
409 480 
409 580 
409 742 
409 784 
409 815 
410 440 
410 648 
410 958 
411 451 
411 453 
411 657 
411 726 
411 962 
412 569 
412 589 
412 708 
412 860 
413 452 
413 533 
414 470 
414 522 
414 528 
414 617 
414 669 
414 931 
415 433 
415 612 
415 670 
415 733 
415 946 
415 997 
416 578 
416 688 
416 702 
416 822 
416 950 
416 963 
416 987 
417 650 
417 682 
418 426 
418 508 
418 521 
418 543 
418 775 
419 430 
419 527 
419 582 
419 596 
419 663 
419 927 
420 501 
420 520 
420 713 
420 765 
420 928 
420 980 
421 583 
421 673 
421 752 
421 887 
421 957 
422 619 
422 634 
422 731 
422 830 
423 654 
423 683 
423 771 
423 787 
423 863 
424 446 
424 455 
424 510 
424 514 
424 554 
424 921 
425 619 
425 774 
425 836 
426 479 
426 521 
427 639 
427 667 
427 761 
427 855 
428 480 
428 580 
428 653 
428 751 
428 815 
429 518 
429 590 
429 824 
429 995 
430 643 
430 663 
430 691 
431 470 
431 522 
431 528 
431 617 
431 669 
431 931 
432 579 
432 619 
432 739 
432 830 
432 836 
432 923 
433 670 
433 733 
433 740 
433 918 
433 976 
434 519 
434 565 
434 624 
434 675 
434 764 
434 971 
435 588 
435 907 
435 915 
435 977 
436 470 
436 528 
436 617 
436 669 
436 931 
437 615 
437 746 
437 806 
437 837 
437 901 
437 960 
438 536 
438 587 
438 718 
439 531 
439 679 
439 696 
439 819 
439 831 
439 966 
440 577 
440 594 
440 601 
440 611 
440 648 
440 766 
441 494 
441 539 
441 935 
441 988 
442 650 
442 682 
443 477 
443 524 
443 544 
443 628 
443 645 
443 978 
444 495 
444 888 
444 903 
444 914 
444 933 
445 459 
445 559 
445 680 
445 847 
445 868 
445 929 
446 510 
446 514 
446 542 
446 554 
446 921 
447 556 
447 571 
447 598 
447 625 
447 642 
447 737 
447 817 
447 993 
448 618 
448 725 
448 738 
448 754 
448 757 
448 939 
449 499 
449 526 
449 529 
449 808 
449 827 
449 857 
449 889 
449 983 
450 790 
450 861 
450 989 
451 657 
451 726 
451 969 
451 989 
452 533 
452 793 
453 726 
453 962 
454 668 
454 679 
454 698 
454 831 
454 850 
454 966 
455 514 
455 554 
455 599 
455 835 
455 921 
456 475 
456 741 
456 789 
456 848 
456 907 
456 977 
457 467 
457 503 
457 540 
457 661 
457 684 
457 701 
457 783 
457 825 
458 823 
459 829 
460 591 
460 593 
460 601 
460 766 
460 832 
461 656 
461 684 
461 904 
462 640 
462 648 
462 908 
463 599 
463 772 
463 805 
464 502 
464 534 
464 555 
464 584 
464 665 
464 678 
464 946 
465 548 
465 585 
465 800 
465 802 
465 892 
465 922 
465 945 
465 955 
466 484 
466 496 
466 809 
466 938 
466 952 
467 552 
467 661 
467 701 
467 717 
467 783 
467 825 
467 954 
468 495 
468 846 
468 888 
468 903 
468 933 
469 944 
470 522 
470 525 
470 586 
470 617 
470 760 
471 546 
471 631 
471 727 
471 756 
471 941 
471 973 
472 558 
472 638 
472 728 
472 732 
472 759 
472 886 
472 947 
472 970 
472 998 
473 498 
473 516 
473 724 
473 744 
473 877 
473 979 
474 557 
474 632 
474 695 
474 712 
474 792 
474 896 
475 495 
475 789 
475 846 
475 848 
475 907 
475 977 
476 687 
476 741 
476 799 
476 871 
476 874 
477 704 
477 725 
477 939 
477 978 
478 654 
478 750 
478 771 
478 787 
479 616 
479 875 
480 653 
480 751 
481 486 
481 548 
481 585 
481 801 
481 922 
482 491 
482 699 
482 821 
482 832 
482 849 
483 511 
483 513 
483 798 
483 897 
483 910 
483 984 
483 992 
484 500 
484 924 
484 938 
485 553 
485 753 
485 761 
485 810 
485 862 
485 982 
486 548 
486 780 
486 784 
486 801 
486 922 
487 549 
487 671 
487 996 
488 563 
488 623 
488 647 
488 879 
488 893 
488 956 
489 542 
489 681 
489 721 
490 587 
490 843 
490 975 
490 996 
491 635 
491 730 
492 549 
492 671 
492 975 
492 996 
493 572 
493 595 
493 676 
493 677 
493 681 
493 721 
494 648 
494 705 
494 908 
494 942 
494 958 
495 842 
495 846 
495 848 
495 907 
495 933 
496 809 
496 924 
497 504 
497 564 
497 662 
497 736 
497 828 
497 965 
498 649 
498 877 
498 882 
498 979 
499 529 
499 808 
499 827 
499 857 
499 889 
499 983 
500 693 
500 708 
500 952 
501 520 
501 607 
501 854 
501 980 
502 534 
502 555 
502 584 
502 604 
502 674 
503 540 
503 552 
503 661 
503 701 
503 825 
504 564 
504 692 
504 722 
504 736 
504 965 
505 723 
505 816 
505 904 
505 906 
505 912 
506 595 
506 676 
506 677 
506 681 
506 721 
507 714 
507 746 
507 901 
507 960 
508 543 
509 572 
509 595 
509 676 
509 681 
509 721 
510 514 
510 542 
510 554 
511 606 
511 897 
511 910 
511 938 
511 984 
512 519 
512 624 
512 675 
512 764 
512 932 
512 971 
513 606 
513 938 
513 984 
514 554 
514 921 
515 536 
515 763 
515 777 
515 839 
516 744 
516 814 
516 840 
516 882 
517 587 
517 718 
518 537 
518 685 
519 788 
519 818 
519 971 
520 589 
520 713 
520 854 
521 543 
522 528 
522 669 
522 931 
523 581 
523 633 
523 762 
523 791 
523 811 
524 544 
524 725 
524 754 
524 757 
524 939 
524 978 
525 586 
525 760 
525 781 
525 990 
526 529 
526 808 
526 827 
526 857 
526 889 
526 983 
527 596 
527 888 
527 903 
527 914 
528 617 
528 669 
528 931 
529 682 
529 808 
529 857 
529 889 
530 539 
530 577 
530 593 
530 705 
530 935 
530 942 
530 988 
531 668 
531 679 
531 696 
531 831 
531 966 
532 609 
532 622 
532 690 
533 793 
533 881 
534 665 
534 678 
534 946 
535 775 
535 804 
536 561 
536 718 
536 763 
536 777 
536 839 
537 590 
537 685 
537 824 
537 944 
538 607 
538 664 
538 895 
538 906 
538 926 
539 705 
539 942 
539 988 
540 550 
540 661 
540 684 
540 717 
540 783 
540 825 
541 634 
541 655 
541 748 
541 968 
541 991 
542 562 
543 775 
543 786 
544 628 
544 704 
544 725 
544 939 
544 978 
545 563 
545 626 
545 666 
545 700 
545 706 
545 758 
545 773 
545 920 
546 631 
546 727 
546 756 
546 941 
547 883 
547 918 
547 976 
547 997 
548 782 
548 800 
548 856 
548 892 
548 945 
548 955 
549 587 
549 843 
549 975 
549 996 
550 656 
550 661 
550 684 
550 717 
551 575 
551 588 
551 779 
551 842 
551 915 
552 684 
552 783 
552 825 
552 954 
553 753 
553 761 
553 810 
553 862 
553 948 
553 982 
554 921 
555 678 
555 946 
555 976 
556 560 
556 658 
556 722 
556 768 
556 870 
557 632 
557 741 
557 896 
558 600 
558 638 
558 646 
558 759 
558 826 
558 886 
558 970 
559 829 
559 847 
559 868 
560 625 
560 658 
560 722 
560 735 
560 768 
560 828 
560 870 
561 611 
561 777 
561 839 
562 602 
562 677 
563 623 
563 956 
564 838 
564 985 
565 675 
565 788 
565 818 
566 616 
566 796 
566 807 
566 875 
567 667 
567 778 
567 855 
568 708 
568 928 
569 589 
569 980 
569 992 
570 631 
570 727 
570 861 
571 598 
571 603 
571 608 
571 642 
571 737 
571 817 
571 845 
571 993 
572 595 
572 602 
572 677 
572 864 
572 964 
573 633 
573 747 
573 796 
573 807 
574 647 
574 879 
574 893 
575 720 
575 781 
575 833 
575 873 
576 609 
576 622 
576 690 
576 927 
577 648 
577 812 
577 942 
577 958 
578 770 
578 963 
579 629 
579 650 
579 739 
579 836 
580 751 
580 776 
581 633 
581 762 
581 791 
581 820 
581 934 
582 596 
582 643 
582 663 
582 691 
583 614 
583 673 
583 752 
584 678 
584 946 
584 976 
585 782 
585 802 
585 922 
585 945 
585 955 
586 760 
586 781 
586 990 
587 975 
588 779 
588 842 
588 907 
588 915 
588 977 
589 860 
589 980 
589 992 
590 685 
590 824 
591 594 
591 601 
591 812 
591 853 
592 636 
592 653 
592 742 
593 594 
593 766 
593 853 
593 988 
594 648 
594 766 
594 988 
595 602 
595 677 
595 864 
595 936 
596 663 
596 927 
597 890 
597 943 
598 642 
598 750 
598 787 
598 845 
599 610 
599 694 
599 772 
599 805 
599 835 
600 638 
600 728 
600 732 
600 759 
600 886 
600 947 
600 970 
601 766 
601 777 
602 864 
603 608 
603 642 
603 737 
603 845 
604 673 
604 674 
604 752 
604 957 
605 635 
605 730 
605 821 
606 798 
606 897 
606 938 
606 984 
607 854 
607 890 
607 895 
608 621 
608 658 
608 768 
608 778 
609 622 
609 690 
609 930 
610 772 
610 805 
610 832 
611 777 
611 839 
612 659 
612 665 
612 769 
612 946 
612 976 
612 1001 
613 749 
613 841 
613 859 
613 878 
613 940 
614 905 
614 986 
615 663 
615 691 
615 837 
616 796 
616 807 
617 669 
617 931 
618 725 
618 738 
618 754 
618 911 
619 774 
619 836 
619 923 
620 712 
620 792 
620 896 
621 625 
621 658 
621 737 
621 768 
621 778 
622 930 
623 647 
623 866 
623 879 
624 675 
624 818 
624 971 
624 974 
625 658 
625 768 
625 870 
626 666 
626 700 
626 706 
626 758 
626 773 
627 675 
627 909 
627 932 
627 971 
628 704 
628 978 
629 650 
629 836 
630 676 
630 936 
631 834 
632 712 
632 792 
632 896 
632 953 
633 791 
633 796 
634 655 
634 748 
634 830 
635 849 
635 916 
636 653 
636 776 
636 815 
637 644 
637 884 
638 728 
638 732 
638 759 
638 826 
638 947 
638 970 
638 998 
639 667 
639 855 
640 648 
640 908 
640 958 
641 647 
641 866 
641 879 
642 737 
642 817 
642 845 
642 993 
643 691 
643 837 
644 651 
644 884 
644 994 
645 725 
645 754 
645 757 
645 939 
645 978 
646 682 
646 759 
646 826 
646 886 
646 970 
647 893 
648 942 
649 724 
649 891 
650 836 
651 687 
651 874 
651 884 
651 994 
652 774 
653 776 
654 683 
654 787 
654 813 
654 898 
655 968 
656 660 
656 904 
656 912 
657 969 
657 989 
658 735 
658 737 
659 670 
659 733 
659 755 
659 769 
659 877 
660 904 
660 912 
661 684 
661 717 
661 783 
661 825 
662 985 
663 691 
664 723 
664 904 
664 906 
664 913 
664 949 
665 670 
665 946 
665 976 
666 700 
666 706 
666 920 
668 679 
668 698 
668 786 
668 831 
668 850 
668 966 
669 973 
670 733 
670 769 
670 946 
670 976 
670 1001 
671 843 
671 996 
672 751 
672 922 
672 951 
673 785 
673 957 
674 678 
674 957 
675 764 
675 788 
675 971 
676 721 
676 936 
676 962 
677 864 
679 696 
679 831 
680 847 
680 929 
681 936 
682 795 
682 808 
682 889 
683 750 
683 771 
683 787 
683 863 
683 898 
684 701 
684 783 
684 825 
685 824 
685 944 
686 689 
686 876 
687 799 
687 871 
687 874 
688 702 
688 716 
688 747 
688 803 
688 950 
688 963 
689 822 
689 838 
690 927 
690 930 
691 734 
691 794 
691 930 
692 736 
692 838 
692 870 
693 708 
693 809 
693 952 
694 772 
694 805 
695 712 
695 896 
695 953 
696 819 
696 831 
696 966 
697 810 
697 862 
697 894 
697 982 
698 786 
698 831 
698 966 
699 821 
699 832 
699 853 
699 925 
700 706 
700 758 
700 773 
700 920 
701 783 
701 825 
701 954 
702 716 
702 747 
702 770 
702 803 
702 963 
703 729 
703 872 
703 900 
704 738 
704 967 
705 935 
705 988 
706 758 
706 773 
706 920 
707 767 
707 809 
707 924 
709 814 
709 866 
709 879 
709 891 
710 911 
711 764 
711 1000 
712 896 
712 917 
713 928 
713 980 
714 746 
714 901 
714 960 
715 893 
716 747 
716 803 
716 950 
716 963 
717 783 
717 825 
718 763 
718 777 
718 839 
719 728 
719 867 
719 947 
720 781 
720 833 
720 873 
721 936 
722 735 
722 736 
722 870 
723 816 
723 904 
723 906 
723 912 
723 999 
724 851 
724 882 
724 979 
725 738 
725 754 
725 757 
726 969 
727 834 
728 732 
728 867 
728 947 
728 998 
729 872 
729 900 
730 849 
730 994 
731 774 
731 836 
732 759 
732 947 
732 970 
732 998 
733 769 
733 877 
733 997 
733 1001 
734 794 
735 768 
735 870 
736 838 
736 965 
738 911 
738 939 
738 967 
739 830 
739 923 
740 883 
740 918 
740 976 
740 997 
741 953 
741 959 
742 751 
743 821 
743 849 
743 916 
744 814 
744 882 
745 841 
745 859 
745 885 
745 899 
746 806 
746 837 
746 960 
747 791 
747 803 
747 950 
748 968 
749 841 
749 878 
749 940 
750 771 
750 787 
750 817 
750 845 
750 993 
751 784 
753 761 
753 797 
753 810 
753 948 
753 982 
754 757 
754 939 
755 769 
755 877 
755 979 
755 997 
756 954 
756 973 
757 939 
758 920 
759 826 
759 886 
759 970 
760 781 
760 990 
761 810 
762 791 
762 820 
762 934 
763 777 
763 839 
764 788 
764 818 
764 971 
765 980 
766 812 
766 853 
767 809 
767 924 
767 952 
769 877 
770 822 
770 987 
771 787 
771 813 
772 805 
772 835 
773 956 
774 830 
774 852 
775 786 
775 804 
777 839 
778 855 
779 833 
779 842 
779 915 
780 782 
780 784 
780 801 
780 922 
781 990 
782 801 
782 892 
782 922 
783 825 
783 954 
784 922 
784 951 
785 887 
785 957 
786 804 
786 850 
787 813 
788 818 
788 974 
789 848 
789 907 
789 977 
790 861 
790 989 
791 796 
791 807 
792 896 
792 917 
794 806 
794 930 
796 807 
796 875 
797 810 
797 862 
798 910 
798 938 
798 984 
799 871 
799 874 
799 959 
800 856 
800 892 
801 922 
802 892 
802 922 
803 950 
805 925 
806 930 
808 827 
808 983 
809 924 
809 938 
809 952 
810 862 
810 948 
810 982 
811 820 
811 868 
811 934 
812 988 
813 863 
813 898 
814 891 
815 951 
816 904 
816 912 
816 999 
817 845 
818 971 
818 974 
818 991 
819 831 
819 966 
821 849 
823 856 
823 961 
825 954 
826 886 
826 970 
827 857 
827 889 
829 847 
829 858 
829 929 
830 923 
830 968 
831 850 
831 966 
832 853 
832 925 
833 915 
834 861 
834 989 
835 921 
837 901 
837 960 
838 965 
838 985 
840 882 
841 859 
841 885 
841 899 
841 919 
842 846 
842 907 
843 975 
843 996 
845 863 
845 993 
846 848 
846 907 
846 915 
846 933 
847 868 
847 929 
848 907 
850 966 
851 866 
851 891 
853 925 
854 906 
854 943 
856 955 
857 889 
857 983 
858 929 
859 885 
859 899 
859 919 
860 980 
860 992 
862 948 
862 982 
863 898 
864 869 
864 964 
866 879 
866 891 
866 956 
867 937 
867 943 
868 929 
869 964 
870 876 
871 874 
871 959 
872 900 
873 933 
874 959 
877 882 
877 979 
877 1001 
880 893 
882 979 
883 918 
883 976 
884 994 
885 919 
886 970 
887 948 
887 982 
888 914 
889 983 
890 913 
890 937 
892 955 
894 948 
894 982 
895 906 
895 913 
895 949 
897 938 
897 952 
897 984 
899 919 
901 960 
902 965 
902 985 
903 914 
903 933 
905 981 
906 913 
906 949 
907 915 
907 977 
909 932 
909 971 
910 984 
911 967 
912 999 
913 926 
916 994 
923 968 
924 938 
924 952 
926 949 
928 980 
931 973 
932 971 
935 942 
935 988 
937 943 
938 952 
938 984 
941 973 
946 976 
947 998 
950 963 
953 959 
963 987 
969 989 
970 998 
974 991 
976 997 
979 1001 
981 986 
