1002
9 1.05 -4.60
9 21.80 13.85
10 23.50 6.75
8 18.10 -5.50
6 6.05 -4.75
8 15.00 -6.75
9 19.65 12.15
7 18.15 8.65
7 23.95 10.05
7 -0.30 -3.30
4 20.65 15.35
7 15.85 13.05
9 6.50 7.70
9 21.50 13.25
8 4.40 14.50
3 6.50 -1.85
10 17.45 5.90
6 19.85 1.05
6 7.00 5.55
7 14.10 -4.85
9 6.85 11.00
7 18.80 3.95
8 19.90 -6.75
8 15.30 -7.10
6 10.10 14.15
7 7.25 5.05
7 7.35 1.05
6 5.70 -0.35
7 6.75 0.20
6 6.25 2.75
5 4.85 3.95
9 16.95 -2.30
9 16.75 -10.80
7 6.45 8.15
7 7.10 1.35
8 17.75 1.70
7 4.60 0.30
10 3.80 6.50
8 7.95 15.30
11 15.80 14.60
9 5.05 -6.55
8 18.70 14.70
6 23.80 13.85
7 6.30 2.55
7 25.50 9.35
6 4.30 0.10
9 15.80 -7.15
8 23.80 9.90
10 16.60 5.75
10 20.40 -0.15
7 6.70 0.00
7 4.60 -4.55
7 10.20 14.30
7 18.15 15.70
7 5.10 4.35
9 5.50 6.35
7 18.40 -7.90
9 -1.20 -5.10
9 7.95 -5.45
8 1.90 -5.35
7 2.45 2.50
7 19.55 -10.15
8 20.40 11.10
6 6.85 8.60
9 2.85 3.55
8 4.85 4.55
6 18.15 14.30
8 19.40 0.30
8 -0.25 0.45
9 20.25 13.35
5 6.75 16.60
9 6.20 1.20
8 25.55 8.30
11 0.60 -5.30
8 17.90 -1.30
6 5.55 7.00
8 6.35 -0.60
9 8.90 14.20
8 17.25 -3.35
7 17.10 1.95
9 17.50 -1.95
11 17.40 4.70
7 19.80 -0.15
10 19.35 10.65
8 26.45 9.45
9 19.05 -8.95
10 19.90 3.65
6 5.90 -5.00
9 20.45 16.40
8 1.90 -0.80
8 3.95 15.10
9 7.75 5.50
6 15.55 13.30
8 6.90 5.15
10 5.65 16.50
4 6.10 5.05
7 18.35 7.50
7 21.10 11.75
7 2.65 13.30
8 1.40 13.30
10 17.45 15.95
6 19.25 -10.20
7 -0.70 2.25
8 18.15 -8.50
7 15.80 -6.40
7 17.65 -3.35
6 19.15 14.25
9 -2.20 -0.05
7 20.05 7.25
9 14.80 -3.90
10 -0.65 -3.45
8 23.30 13.30
8 18.10 0.40
8 26.50 11.30
8 27.25 10.35
8 26.10 6.75
9 20.95 -2.95
7 20.85 -6.10
8 6.10 4.05
6 4.25 0.30
9 18.00 11.60
9 2.85 -4.85
10 4.05 10.55
9 23.20 11.00
7 14.65 -5.10
3 5.50 7.65
9 0.70 0.50
7 23.05 7.25
6 18.90 13.55
8 -0.20 -4.85
7 1.80 13.15
7 21.55 7.10
5 6.25 5.45
9 17.30 12.15
7 20.90 8.60
10 20.00 7.90
9 18.15 -10.25
9 23.30 9.95
7 17.75 8.05
6 18.45 13.60
5 2.30 -3.05
6 20.55 9.85
7 8.25 13.90
9 19.60 -9.05
7 1.05 -0.15
6 20.55 1.60
9 20.30 2.50
7 18.00 14.05
7 18.15 14.40
6 16.90 -0.50
8 17.40 12.70
6 20.60 1.80
8 25.80 9.55
5 8.25 15.00
8 10.85 13.20
7 16.60 -3.45
7 19.00 13.45
10 11.10 -6.30
7 16.75 -3.05
6 20.35 -2.00
9 -0.40 0.05
9 20.15 -5.20
9 25.90 10.90
7 2.25 13.25
6 7.80 13.85
11 18.65 11.65
6 6.20 8.50
6 6.05 4.65
9 20.85 -4.70
5 5.20 9.70
9 17.75 -4.80
6 5.60 6.55
8 5.50 10.20
9 7.10 17.20
2 6.40 -2.30
9 16.10 -10.10
8 10.35 13.20
6 19.45 2.95
7 4.35 5.50
10 24.75 10.40
5 19.25 -10.10
10 21.15 12.85
4 7.55 -0.55
7 6.25 -0.20
8 18.35 -7.70
7 26.95 10.75
9 20.50 6.80
6 25.70 6.65
7 23.65 13.40
7 4.05 4.00
7 18.10 -2.30
10 5.40 -1.90
7 5.90 -5.50
8 17.60 13.20
9 3.65 17.90
8 8.25 -4.75
8 3.50 14.30
5 5.95 4.65
8 16.25 -4.55
9 21.20 15.10
8 20.10 0.60
6 16.85 -8.25
6 20.05 -4.15
6 18.45 2.35
8 1.25 -0.30
12 20.90 7.85
7 4.40 3.90
8 27.35 11.10
7 17.45 -5.90
8 17.60 -9.95
11 0.90 -2.95
9 5.30 14.95
6 23.25 8.05
11 14.50 13.45
4 6.15 -2.15
8 10.25 13.80
8 0.30 -3.20
8 5.55 3.30
7 20.40 15.20
6 1.95 -2.75
6 20.25 13.90
10 18.85 -1.10
8 6.20 7.25
9 17.50 -7.45
9 22.90 7.85
9 17.15 -1.55
6 6.10 16.90
8 6.50 -5.15
11 24.75 9.95
8 6.90 16.15
8 21.35 -5.30
6 21.10 14.40
11 5.65 11.05
9 9.25 13.40
9 7.15 10.90
8 25.35 8.60
8 18.45 1.70
6 19.05 6.50
4 4.20 -1.90
6 6.85 4.35
7 19.20 -2.70
5 6.40 16.60
10 9.75 14.60
8 17.75 1.35
6 7.40 -1.00
8 6.90 12.95
7 7.10 -5.35
8 18.45 -4.15
10 8.80 18.00
9 0.95 0.50
10 25.95 10.20
7 5.50 7.45
8 22.50 -6.60
10 6.00 -6.45
8 20.80 5.35
10 1.75 -3.90
8 18.85 3.95
9 2.75 -4.00
4 6.55 -1.55
8 14.35 -5.45
3 25.45 12.80
7 6.25 2.35
7 19.25 11.15
8 26.15 9.70
8 17.10 -5.35
7 20.50 15.10
7 7.05 -1.85
6 27.30 9.90
7 17.90 16.40
9 19.95 6.05
8 4.95 1.25
6 19.80 -5.25
6 6.15 -1.75
9 16.40 4.60
5 20.30 7.15
9 10.00 -5.70
10 16.10 -9.45
8 25.30 6.35
9 6.65 9.75
6 18.50 13.75
9 21.30 7.50
7 26.75 7.05
5 2.30 -2.60
7 4.20 11.25
10 20.00 11.05
8 19.55 -0.40
8 19.25 11.65
7 22.70 7.10
9 20.35 3.35
6 18.75 2.35
8 5.10 12.60
6 3.50 -5.00
8 19.30 12.75
6 26.70 11.30
9 24.00 13.95
8 5.80 15.55
9 19.90 11.20
7 7.05 0.75
7 15.75 -6.20
10 21.20 9.50
8 6.60 -5.85
6 3.70 -1.65
8 2.05 -5.20
9 7.15 -0.45
9 14.05 -5.65
4 6.50 -1.90
9 18.40 4.30
7 6.05 -4.50
10 -1.25 0.50
8 12.50 -4.60
6 7.50 -4.95
7 5.90 3.70
8 6.30 1.75
8 18.85 1.05
8 5.40 -5.70
10 17.35 6.70
7 16.80 3.55
6 23.60 14.60
7 19.70 9.00
8 12.90 14.20
8 16.70 -7.20
8 4.35 15.90
5 18.85 13.60
6 6.50 -3.10
9 1.60 0.50
11 24.35 13.05
8 20.90 -6.30
10 12.80 15.25
10 13.30 -4.10
8 20.50 -3.20
5 5.05 1.65
4 19.50 14.40
8 24.10 7.05
9 18.35 14.80
3 26.35 12.85
6 4.75 1.95
9 16.80 -7.80
7 5.80 7.70
8 17.60 3.30
9 3.50 3.10
11 24.15 11.10
8 0.20 -0.95
10 19.60 2.05
9 24.05 6.75
6 5.65 2.70
9 16.10 13.60
6 6.20 8.90
9 17.90 -3.65
8 8.80 -4.10
6 18.20 8.70
8 5.20 -4.65
9 18.80 -3.45
9 19.60 6.50
7 17.20 3.70
6 15.45 13.35
7 4.40 -7.50
10 2.65 14.25
10 19.35 -3.45
5 23.15 9.50
12 4.80 15.10
8 13.40 -6.00
6 4.85 -2.75
8 19.65 -8.45
8 24.05 7.40
8 6.75 -0.40
5 19.10 6.65
10 17.55 6.75
7 20.90 -3.60
9 1.40 -3.15
10 5.00 16.30
9 18.70 -5.75
7 4.45 3.65
10 11.90 13.35
6 3.75 -3.60
9 5.20 4.10
9 4.40 15.80
8 19.40 -7.30
8 4.90 -5.30
11 12.60 13.65
4 5.25 1.40
8 8.20 17.75
7 6.25 3.55
7 7.50 -4.70
6 18.45 2.40
8 20.20 -10.80
7 19.10 -5.30
6 0.15 -3.15
8 4.85 12.40
9 5.30 15.50
6 7.05 0.35
9 4.30 0.85
6 1.50 -4.35
6 1.85 -5.00
8 14.90 -5.65
8 16.45 -1.50
4 7.10 1.05
7 19.90 -5.70
6 21.15 5.65
10 1.75 2.75
6 4.10 -1.35
9 16.05 -5.25
7 20.70 14.60
9 4.15 -8.35
6 7.45 -5.25
8 23.55 13.35
8 25.90 6.90
7 8.65 13.90
6 3.90 7.00
11 16.35 -6.45
7 18.00 16.50
10 19.80 -1.15
4 5.50 10.10
7 20.90 -0.25
8 18.50 4.65
7 20.50 13.80
9 5.00 9.40
10 4.80 5.90
8 6.35 9.15
7 21.45 14.65
6 6.60 -7.20
8 17.05 -10.45
7 7.10 -5.25
9 0.95 -3.65
8 7.65 15.35
5 18.50 -8.10
6 19.30 2.90
9 5.45 0.20
7 19.90 -3.80
9 20.10 8.75
8 13.10 14.70
10 16.75 -4.10
10 23.95 10.55
6 14.70 -4.40
8 4.80 11.25
7 3.80 -1.55
7 18.50 8.90
7 12.80 14.40
7 4.25 14.95
8 6.35 11.05
9 5.05 15.80
4 16.55 1.60
6 5.75 4.35
10 25.00 7.00
7 14.30 13.75
10 6.45 7.15
7 19.80 -7.95
10 4.90 1.10
8 4.15 -6.25
7 18.70 0.00
9 18.00 6.30
9 15.85 -5.40
9 5.95 -2.80
5 6.95 3.80
8 19.45 9.05
9 12.20 -5.30
7 1.65 -4.25
6 4.60 -5.45
9 15.20 -5.70
5 3.80 -4.85
9 17.25 -10.25
7 21.00 -6.35
5 20.40 1.55
4 20.55 1.45
2 20.35 15.45
5 6.20 5.25
8 24.20 7.50
8 27.05 6.95
7 19.30 3.25
11 5.75 12.35
9 9.40 -4.50
11 20.55 9.25
8 18.35 -2.60
8 18.65 5.10
6 25.10 9.20
9 14.25 -3.85
6 14.25 -4.55
4 7.30 -4.75
9 2.65 -3.40
8 18.95 7.15
9 4.30 -4.15
9 4.50 -2.80
8 21.65 -6.10
9 13.20 13.75
5 6.40 -1.40
8 3.90 -7.30
7 5.45 1.65
11 17.35 -9.10
6 6.20 17.05
8 -2.45 -0.70
6 3.35 -3.75
9 17.50 -3.30
8 -0.50 3.10
13 25.85 7.55
8 13.80 13.30
7 18.10 7.45
7 14.10 14.45
9 17.10 -6.85
8 23.20 7.25
2 5.55 9.80
9 20.75 -1.15
7 20.30 4.30
8 3.85 -7.10
10 18.25 -5.00
6 16.40 6.35
10 18.45 -3.05
11 -0.60 -0.50
7 20.95 14.55
7 18.30 7.70
9 5.05 -5.95
7 -0.10 -5.15
7 4.70 16.00
7 7.45 16.75
8 1.75 13.60
9 12.40 -5.25
6 20.60 15.75
6 19.00 6.20
4 23.20 11.55
10 0.15 -4.55
9 19.70 14.90
9 19.50 0.70
6 6.60 10.45
9 20.10 -5.95
7 4.80 5.10
9 21.45 -5.10
10 3.80 14.25
9 10.25 -4.05
7 7.05 -4.50
5 21.80 -4.25
4 8.20 -5.50
10 19.80 3.35
8 20.30 -3.70
6 6.80 -3.10
10 1.65 -3.35
9 6.20 10.75
6 13.10 14.20
5 6.75 8.65
6 1.55 -4.05
5 6.10 -4.25
7 20.35 -9.75
10 17.85 6.25
7 18.00 8.10
7 7.90 13.75
11 14.75 14.05
8 20.45 0.35
9 20.15 1.10
7 2.80 -4.85
7 26.75 11.00
8 0.45 2.90
10 19.95 -9.45
8 -1.80 -0.65
9 19.00 3.10
9 6.10 2.00
8 20.50 8.55
9 -0.25 -0.90
8 3.60 3.85
9 4.15 -0.95
4 7.10 -5.10
4 5.95 -2.30
5 1.90 -2.80
7 4.45 16.45
7 8.65 -4.35
9 1.20 3.55
8 20.50 9.75
8 26.30 8.10
4 5.15 -4.95
7 20.60 -1.65
5 5.05 2.35
6 15.50 13.50
6 18.20 -2.40
8 19.15 -6.85
8 5.85 -6.10
6 16.85 -7.85
8 17.65 -9.85
6 6.75 6.60
6 7.55 17.30
7 4.65 13.00
9 5.95 9.60
8 17.60 12.40
8 20.60 13.90
8 17.20 -1.05
7 4.60 10.70
7 4.55 2.05
8 20.20 14.20
12 17.80 5.35
7 2.70 13.05
6 16.75 0.80
6 17.55 3.95
10 15.95 -5.95
7 27.75 11.05
9 5.60 4.70
10 19.95 0.60
7 4.10 3.00
6 4.45 -7.60
7 4.30 11.45
5 16.95 1.55
7 5.50 3.40
6 3.80 0.40
5 5.65 9.65
5 25.40 13.05
10 4.35 12.80
6 8.00 17.50
7 17.90 16.70
5 25.25 11.10
4 16.05 -11.65
6 20.10 13.65
3 16.15 -11.70
9 18.05 11.55
9 18.20 -6.80
8 14.10 -4.75
9 8.70 14.15
4 2.20 -0.85
6 11.60 14.55
7 7.35 6.35
9 1.05 -0.45
6 16.80 -3.00
9 19.05 -9.50
7 5.75 13.80
10 4.90 6.10
7 1.85 0.45
4 5.45 9.65
6 12.80 -4.80
7 23.10 11.00
7 25.95 8.25
2 7.40 -1.35
5 18.30 8.65
4 6.20 -5.90
5 3.55 -3.65
7 6.05 -2.20
10 20.65 6.95
11 16.65 13.45
11 2.95 14.75
10 -0.05 -0.65
8 6.50 5.80
8 17.95 15.80
7 19.05 0.15
6 4.40 0.05
7 7.65 12.85
7 20.35 -1.60
6 5.45 -4.80
4 28.25 9.75
9 11.35 -5.55
8 13.00 -4.15
5 4.40 -2.10
7 4.00 -0.30
7 17.95 3.75
9 20.80 -2.35
7 7.70 16.70
11 18.55 6.70
5 19.45 6.10
5 7.10 -4.70
5 21.20 6.40
6 5.85 -4.30
9 19.10 -4.05
4 5.45 2.55
10 18.25 13.35
5 19.20 4.30
7 7.60 16.90
2 19.35 6.25
12 17.55 -4.65
11 17.60 14.95
4 15.75 13.10
7 13.20 13.25
10 20.90 -5.10
5 16.55 1.10
11 5.25 -5.95
5 19.15 6.50
8 20.20 -4.20
9 15.45 -6.10
7 17.40 16.80
7 12.95 -4.70
13 16.70 -9.40
6 6.80 -3.05
7 7.10 12.00
8 20.60 -1.00
10 4.10 4.85
9 14.80 -6.35
11 -0.25 -3.95
11 13.50 13.65
8 4.00 -6.45
8 6.75 12.65
13 18.40 15.05
6 25.40 6.70
7 6.85 -2.15
7 7.55 -4.30
5 -0.15 -3.40
11 8.25 14.65
8 18.90 5.15
8 18.40 10.75
6 4.95 2.40
11 5.40 -6.50
9 5.60 -6.95
10 16.40 -10.20
5 2.70 2.10
9 6.35 11.55
6 6.85 -6.45
12 20.40 14.45
5 24.75 8.85
7 4.65 11.00
6 20.40 1.80
7 6.95 16.15
13 17.80 -2.85
7 19.25 -4.70
6 6.30 8.65
4 4.40 -7.65
7 6.85 16.20
6 28.15 11.30
7 17.80 7.40
10 5.15 5.20
14 0.65 -0.25
7 7.55 4.90
4 19.75 6.20
7 3.95 5.90
6 8.55 -5.70
7 11.45 14.35
5 3.60 -3.50
5 14.35 14.05
5 6.35 -1.25
5 14.30 14.00
6 5.10 1.55
5 6.95 6.30
8 20.50 7.45
5 4.25 16.90
9 0.10 3.35
7 17.30 -7.70
8 17.65 -8.50
5 -1.25 -4.90
7 12.95 -4.05
6 4.70 5.50
10 18.35 -3.60
8 18.30 -2.05
9 18.60 12.15
8 12.65 -5.25
12 17.10 -8.95
4 5.10 -5.10
9 23.85 10.00
7 7.00 5.80
10 5.70 11.55
7 18.30 12.40
5 6.80 -6.55
7 5.70 1.60
5 4.30 9.35
8 18.75 1.80
6 13.25 13.10
3 20.40 13.45
10 8.25 14.75
9 14.15 -4.55
5 2.60 2.10
7 5.90 14.70
4 21.25 -6.10
11 18.80 14.10
8 6.75 2.25
10 19.50 14.20
6 13.75 13.20
9 18.75 -8.30
5 6.40 8.80
9 9.10 -5.10
8 4.45 -1.85
9 6.30 3.05
9 21.65 -4.60
6 19.00 -9.85
6 24.45 7.20
3 7.45 -1.00
4 5.20 -3.80
8 9.80 -5.60
4 17.65 9.60
10 2.65 3.30
7 18.90 -4.30
9 18.60 7.05
13 19.10 15.40
9 20.95 10.65
5 5.30 -2.55
11 3.55 13.50
5 5.85 8.20
7 19.70 -6.55
6 10.60 14.15
5 5.35 -1.35
7 19.55 11.30
4 25.65 11.30
6 7.10 6.90
4 19.50 14.85
11 20.50 0.95
10 6.10 -2.30
6 5.10 9.95
9 19.85 -9.95
5 1.55 -4.80
2 19.40 14.55
4 27.65 9.75
4 5.40 -0.65
5 5.70 -0.85
8 21.75 -6.20
7 17.70 -9.55
10 7.60 16.80
6 5.70 15.80
9 20.40 -4.30
8 7.15 11.55
7 14.60 14.55
8 0.75 2.50
9 18.80 9.65
9 16.85 2.50
7 5.25 -3.95
7 10.85 -4.95
8 4.70 13.20
4 20.10 7.20
9 19.10 11.00
8 5.70 6.90
8 27.05 11.05
4 16.65 -0.75
10 5.60 2.65
10 17.55 -0.75
8 -0.05 -5.45
6 21.00 2.40
7 3.90 12.95
7 7.15 7.80
7 25.10 10.60
4 4.90 -4.20
7 18.80 2.45
7 6.95 0.05
6 4.95 12.80
10 19.10 -7.55
4 18.70 5.55
7 4.00 3.75
6 3.95 -3.65
11 27.15 10.55
5 16.60 -0.85
6 8.65 16.30
7 7.95 17.30
12 6.35 7.05
11 6.60 4.95
6 17.55 13.55
4 20.60 4.65
7 5.75 5.35
8 18.85 10.90
10 -0.25 -4.25
6 20.40 10.05
5 16.70 -4.60
7 5.95 13.85
4 3.80 17.90
9 17.30 -8.35
3 2.25 -0.75
7 4.00 3.45
6 18.20 -4.40
10 4.50 -5.85
6 7.80 17.00
9 5.90 11.50
5 3.95 16.95
9 19.20 5.95
11 27.35 10.15
7 17.70 -5.55
9 7.75 16.35
10 19.50 -4.45
7 16.60 -8.30
5 19.25 7.85
8 19.60 -3.00
7 20.85 -3.40
7 17.90 14.20
6 21.80 13.70
5 23.75 14.15
9 1.85 -4.65
10 1.10 2.10
6 23.50 14.20
6 20.10 -1.85
8 18.75 -5.75
7 26.80 7.45
9 20.20 -6.75
9 18.50 12.70
8 8.95 15.15
9 2.35 14.40
6 16.60 1.40
6 17.40 13.25
7 6.90 14.50
6 16.55 -4.70
7 16.60 3.85
4 4.35 7.90
5 5.70 -0.05
7 21.40 6.70
5 21.45 -3.95
6 6.60 1.90
8 17.65 5.30
7 1.10 2.40
6 20.45 15.25
9 16.45 -8.70
8 21.80 8.15
10 14.80 14.35
8 1.15 -4.00
3 28.10 9.75
13 3.40 13.55
11 4.50 4.55
5 3.75 1.85
6 21.40 6.75
4 4.50 8.90
9 9.00 -5.00
4 14.45 -4.45
9 5.95 3.05
10 19.20 -2.35
8 6.80 -2.45
6 6.95 9.00
10 21.15 -5.85
6 10.85 -4.35
7 21.05 8.50
9 4.75 16.75
6 6.65 3.45
10 2.95 14.20
10 18.25 7.20
7 18.10 10.90
4 21.35 6.10
7 4.35 -2.00
4 3.90 8.75
8 6.10 -3.45
4 20.85 -10.70
4 20.65 15.85
5 7.50 5.10
3 7.40 -4.40
6 4.15 11.50
4 18.85 5.65
9 7.55 14.10
8 5.85 -5.60
8 18.05 -6.20
6 25.05 9.25
7 23.80 14.65
9 20.45 10.75
11 3.20 -2.90
7 18.05 9.60
8 15.40 -5.85
10 19.45 4.30
9 -0.40 -0.70
8 20.15 -9.35
8 22.90 7.25
4 17.40 -5.55
10 19.50 2.60
7 4.50 16.20
5 6.80 9.60
2 25.55 12.85
9 19.25 5.60
8 3.60 14.85
11 6.15 9.25
9 20.05 -3.90
10 1.60 -4.55
5 0.20 -1.05
6 5.90 5.70
4 6.85 -2.75
15 0.60 -4.30
8 18.30 6.75
8 5.90 13.05
4 16.55 -0.55
5 6.30 17.00
4 7.20 7.75
9 4.60 -2.05
9 5.40 -5.15
7 5.60 14.95
9 20.05 1.40
10 21.00 14.25
7 8.00 16.95
8 6.90 8.45
7 19.60 -8.85
8 8.90 14.70
10 5.45 13.10
8 5.85 -1.20
6 3.90 5.35
7 3.70 -1.90
6 15.50 -7.05
3 6.65 -6.95
10 18.20 0.90
6 12.75 -4.60
7 10.85 13.40
4 2.25 -2.90
8 20.25 -2.15
9 19.15 -9.75
7 15.65 13.75
8 9.65 14.50
6 19.45 7.50
10 17.40 1.05
8 4.40 -4.55
7 5.15 3.85
6 18.15 -0.55
12 18.00 -1.20
8 6.85 4.45
6 2.90 2.30
9 1.55 2.30
8 13.10 13.50
5 6.00 5.35
3 21.25 11.45
6 11.15 -4.55
4 4.30 7.60
7 16.90 1.95
6 16.35 3.30
6 6.95 10.40
12 13.65 14.30
6 1.40 -4.90
8 4.45 14.30
8 17.35 1.80
9 19.80 -0.30
8 16.70 -5.05
10 5.25 0.60
8 19.35 -8.45
14 -0.05 0.00
7 19.90 5.75
4 7.25 -2.15
5 0.10 1.85
7 -0.55 -4.65
3 27.85 9.55
7 20.85 8.70
10 1.30 -3.60
3747
0 73 
0 391 
0 455 
0 536 
0 784 
0 857 
0 883 
0 936 
0 940 
1 13 
1 181 
1 231 
1 401 
1 414 
1 418 
1 506 
1 578 
1 950 
2 127 
2 224 
2 287 
2 332 
2 343 
2 363 
2 465 
2 497 
2 760 
2 926 
3 170 
3 208 
3 264 
3 370 
3 502 
3 658 
3 861 
3 916 
4 192 
4 227 
4 350 
4 537 
4 915 
4 947 
5 46 
5 104 
5 298 
5 393 
5 457 
5 667 
5 922 
5 959 
6 165 
6 262 
6 284 
6 286 
6 292 
6 296 
6 730 
6 776 
6 803 
7 96 
7 138 
7 507 
7 540 
7 764 
7 797 
7 921 
8 123 
8 137 
8 179 
8 228 
8 340 
8 358 
8 621 
9 210 
9 216 
9 422 
9 517 
9 676 
9 832 
9 940 
10 199 
10 401 
10 506 
10 695 
11 39 
11 213 
11 345 
11 542 
11 567 
11 629 
11 967 
12 166 
12 222 
12 337 
12 444 
12 772 
12 812 
12 826 
12 945 
12 952 
13 69 
13 181 
13 231 
13 414 
13 418 
13 578 
13 743 
13 855 
14 90 
14 196 
14 211 
14 359 
14 375 
14 524 
14 933 
14 948 
15 266 
15 627 
15 781 
16 48 
16 81 
16 315 
16 366 
16 449 
16 503 
16 539 
16 583 
16 877 
16 941 
17 67 
17 145 
17 200 
17 461 
17 462 
17 780 
18 25 
18 91 
18 132 
18 709 
18 827 
18 910 
19 124 
19 259 
19 304 
19 328 
19 432 
19 474 
19 891 
20 232 
20 438 
20 520 
20 533 
20 672 
20 693 
20 794 
20 843 
20 985 
21 86 
21 306 
21 413 
21 467 
21 472 
21 550 
21 923 
22 117 
22 326 
22 376 
22 396 
22 460 
22 521 
22 569 
22 818 
23 46 
23 104 
23 298 
23 408 
23 587 
23 667 
23 675 
23 922 
24 77 
24 154 
24 176 
24 233 
24 242 
24 963 
25 91 
25 239 
25 632 
25 735 
25 827 
25 975 
26 28 
26 50 
26 71 
26 312 
26 389 
26 816 
26 876 
27 50 
27 76 
27 183 
27 364 
27 426 
27 956 
28 76 
28 183 
28 297 
28 303 
28 364 
28 395 
29 344 
29 381 
29 551 
29 750 
29 807 
29 900 
30 65 
30 189 
30 595 
30 820 
30 886 
31 78 
31 80 
31 155 
31 158 
31 190 
31 394 
31 490 
31 614 
31 700 
32 175 
32 209 
32 276 
32 459 
32 572 
32 603 
32 605 
32 670 
32 691 
33 63 
33 337 
33 535 
33 702 
33 754 
33 812 
33 952 
34 71 
34 297 
34 312 
34 389 
34 551 
34 750 
34 876 
35 79 
35 203 
35 236 
35 383 
35 594 
35 961 
35 970 
35 983 
36 270 
36 390 
36 426 
36 446 
36 596 
36 643 
36 992 
37 178 
37 407 
37 416 
37 617 
37 674 
37 711 
37 727 
37 872 
37 957 
37 982 
38 685 
38 699 
38 744 
38 824 
38 848 
38 865 
38 914 
38 954 
39 92 
39 345 
39 354 
39 542 
39 567 
39 629 
39 660 
39 795 
39 882 
39 967 
40 253 
40 314 
40 447 
40 508 
40 570 
40 664 
40 678 
40 690 
40 841 
41 66 
41 106 
41 148 
41 331 
41 749 
41 768 
41 779 
41 785 
42 111 
42 317 
42 325 
42 404 
42 598 
42 918 
43 312 
43 344 
43 551 
43 750 
43 807 
43 876 
43 892 
44 72 
44 84 
44 228 
44 235 
44 250 
44 263 
44 696 
45 390 
45 426 
45 446 
45 555 
45 596 
45 992 
46 104 
46 298 
46 320 
46 336 
46 408 
46 587 
46 667 
47 123 
47 137 
47 179 
47 228 
47 340 
47 358 
47 431 
47 621 
48 81 
48 273 
48 315 
48 366 
48 449 
48 503 
48 539 
48 583 
48 877 
49 67 
49 82 
49 200 
49 285 
49 412 
49 499 
49 543 
49 590 
49 673 
49 990 
50 76 
50 182 
50 297 
50 303 
50 873 
51 350 
51 377 
51 458 
51 564 
51 638 
51 733 
51 799 
52 77 
52 154 
52 176 
52 215 
52 242 
52 713 
52 968 
53 100 
53 333 
53 409 
53 601 
53 659 
53 680 
53 768 
54 206 
54 441 
54 522 
54 589 
54 707 
54 886 
54 972 
55 75 
55 251 
55 416 
55 617 
55 804 
55 826 
55 830 
55 938 
55 979 
56 103 
56 223 
56 607 
56 724 
56 753 
56 818 
56 993 
57 73 
57 110 
57 129 
57 509 
57 517 
57 676 
57 809 
57 832 
57 998 
58 195 
58 246 
58 310 
58 382 
58 403 
58 421 
58 476 
58 556 
58 712 
59 121 
59 391 
59 455 
59 545 
59 784 
59 857 
59 936 
59 987 
60 64 
60 339 
60 398 
60 765 
60 858 
60 878 
60 977 
61 384 
61 538 
61 548 
61 615 
61 759 
61 925 
61 966 
62 83 
62 97 
62 262 
62 296 
62 769 
62 776 
62 833 
62 980 
63 166 
63 346 
63 417 
63 702 
63 812 
64 189 
64 339 
64 398 
64 554 
64 591 
64 820 
64 839 
64 976 
65 206 
65 374 
65 522 
65 589 
65 674 
65 707 
65 972 
66 139 
66 279 
66 333 
66 659 
66 680 
67 82 
67 200 
67 285 
67 313 
67 590 
67 990 
68 126 
68 249 
68 308 
68 505 
68 553 
68 631 
68 708 
68 924 
69 181 
69 220 
69 292 
69 414 
69 578 
69 582 
69 695 
69 751 
70 173 
70 226 
70 487 
70 791 
70 944 
71 297 
71 312 
71 379 
71 485 
71 551 
71 739 
71 992 
72 152 
72 442 
72 473 
72 492 
72 563 
72 696 
72 917 
73 129 
73 392 
73 509 
73 517 
73 784 
73 809 
73 936 
73 940 
73 987 
74 80 
74 190 
74 221 
74 225 
74 568 
74 579 
74 729 
74 808 
75 222 
75 337 
75 444 
75 617 
75 826 
76 303 
76 483 
76 716 
76 873 
76 956 
77 142 
77 233 
77 242 
77 685 
77 744 
77 865 
77 968 
78 155 
78 158 
78 347 
78 430 
78 614 
78 700 
78 728 
79 243 
79 440 
79 663 
79 798 
79 867 
79 970 
80 190 
80 225 
80 471 
80 568 
80 579 
80 729 
80 974 
81 273 
81 306 
81 353 
81 413 
81 583 
81 586 
81 644 
81 871 
81 877 
82 200 
82 410 
82 519 
82 543 
82 590 
83 262 
83 284 
83 286 
83 296 
83 687 
83 776 
83 797 
83 831 
83 919 
84 114 
84 152 
84 250 
84 267 
84 786 
84 822 
84 846 
85 103 
85 143 
85 362 
85 424 
85 615 
85 753 
85 759 
85 966 
85 993 
86 177 
86 256 
86 288 
86 425 
86 467 
86 500 
86 550 
86 655 
86 923 
87 227 
87 307 
87 537 
87 564 
87 651 
87 915 
88 199 
88 218 
88 265 
88 463 
88 514 
88 518 
88 768 
88 879 
88 909 
89 144 
89 204 
89 249 
89 324 
89 341 
89 613 
89 618 
89 708 
90 196 
90 321 
90 359 
90 375 
90 524 
90 630 
90 988 
91 93 
91 612 
91 632 
91 709 
91 719 
91 735 
91 827 
92 213 
92 345 
92 542 
92 629 
92 882 
93 132 
93 464 
93 632 
93 709 
93 735 
93 910 
93 975 
94 226 
94 241 
94 295 
94 369 
94 388 
94 439 
94 487 
94 792 
94 899 
94 944 
95 441 
95 589 
95 827 
95 938 
96 138 
96 478 
96 647 
96 706 
96 767 
96 941 
97 181 
97 284 
97 296 
97 769 
97 776 
97 919 
98 99 
98 130 
98 356 
98 512 
98 771 
98 866 
98 885 
99 163 
99 356 
99 584 
99 630 
99 866 
99 885 
99 901 
100 148 
100 268 
100 333 
100 409 
100 601 
100 633 
100 659 
100 668 
100 680 
101 136 
101 384 
101 538 
101 548 
101 615 
101 783 
102 160 
102 491 
102 547 
102 722 
102 796 
102 858 
102 997 
103 184 
103 424 
103 486 
103 732 
103 753 
103 837 
104 408 
104 457 
104 922 
104 959 
105 155 
105 158 
105 471 
105 504 
105 614 
105 700 
105 728 
106 128 
106 156 
106 279 
106 322 
106 779 
107 160 
107 308 
107 488 
107 505 
107 549 
107 553 
107 631 
107 924 
107 994 
108 135 
108 186 
108 205 
108 352 
108 628 
108 851 
108 969 
109 124 
109 198 
109 328 
109 432 
109 474 
109 475 
109 608 
109 745 
109 891 
110 129 
110 216 
110 386 
110 517 
110 676 
110 684 
110 832 
110 940 
110 998 
111 294 
111 317 
111 325 
111 855 
111 856 
111 859 
111 918 
112 243 
112 313 
112 448 
112 634 
112 808 
112 961 
112 970 
112 973 
113 114 
113 162 
113 185 
113 207 
113 250 
113 777 
113 805 
113 822 
114 207 
114 546 
114 588 
114 786 
114 805 
114 999 
115 277 
115 281 
115 442 
115 466 
115 492 
115 563 
115 681 
115 862 
116 159 
116 329 
116 367 
116 530 
116 565 
116 645 
116 875 
116 935 
116 965 
117 230 
117 481 
117 521 
117 662 
117 789 
117 863 
118 167 
118 197 
118 239 
118 381 
118 589 
118 595 
118 900 
118 975 
119 270 
119 390 
119 426 
119 446 
119 643 
119 992 
120 133 
120 165 
120 577 
120 687 
120 730 
120 737 
120 831 
120 864 
120 903 
121 257 
121 291 
121 302 
121 392 
121 458 
121 489 
121 857 
121 936 
122 169 
122 172 
122 283 
122 433 
122 580 
122 593 
122 697 
122 740 
122 782 
122 912 
123 137 
123 179 
123 340 
123 358 
123 431 
123 516 
123 734 
124 304 
124 432 
124 475 
124 608 
124 745 
125 222 
125 804 
125 826 
126 144 
126 160 
126 204 
126 324 
126 613 
126 618 
126 708 
126 994 
127 212 
127 224 
127 332 
127 343 
127 363 
127 465 
128 292 
128 654 
128 749 
128 751 
128 864 
129 676 
129 725 
129 809 
129 832 
129 940 
130 356 
130 584 
130 771 
130 866 
130 885 
130 901 
131 186 
131 205 
131 628 
131 650 
131 720 
131 881 
131 904 
132 167 
132 827 
132 830 
133 150 
133 193 
133 606 
133 730 
133 737 
133 828 
133 864 
133 868 
134 135 
134 205 
134 280 
134 299 
134 428 
134 470 
134 881 
135 205 
135 274 
135 428 
135 552 
135 720 
135 802 
135 851 
135 969 
136 180 
136 209 
136 420 
136 459 
136 572 
136 615 
136 759 
136 790 
137 179 
137 228 
137 340 
137 431 
137 621 
137 734 
138 349 
138 435 
138 494 
138 507 
138 902 
139 147 
139 148 
139 156 
139 749 
139 854 
140 255 
140 257 
140 368 
140 532 
140 920 
141 299 
141 318 
141 428 
141 470 
141 769 
141 919 
142 153 
142 609 
142 685 
142 744 
142 914 
142 954 
143 362 
143 548 
143 615 
143 759 
143 783 
143 925 
143 966 
143 993 
144 249 
144 324 
144 341 
144 618 
144 994 
145 146 
145 544 
145 780 
145 810 
145 949 
146 151 
146 177 
146 288 
146 342 
146 461 
146 529 
146 698 
146 928 
147 193 
147 279 
147 333 
147 654 
147 749 
147 828 
148 279 
148 659 
148 680 
148 749 
149 225 
149 394 
149 579 
149 808 
149 973 
149 974 
150 193 
150 629 
150 654 
150 737 
150 828 
150 864 
150 868 
151 342 
151 544 
151 780 
151 810 
151 949 
152 228 
152 235 
152 250 
152 473 
152 696 
152 917 
153 423 
153 609 
153 865 
153 914 
154 215 
154 233 
154 372 
154 611 
154 713 
154 774 
155 198 
155 430 
155 490 
155 870 
156 279 
156 292 
156 654 
156 749 
156 751 
157 275 
157 309 
157 454 
157 513 
157 640 
157 731 
157 763 
157 800 
157 897 
157 981 
158 347 
158 430 
158 490 
158 700 
159 410 
159 499 
159 645 
159 673 
159 893 
160 308 
160 341 
160 505 
160 631 
160 708 
160 924 
161 168 
161 202 
161 396 
161 521 
161 662 
161 666 
161 701 
161 793 
161 849 
162 185 
162 250 
162 263 
162 293 
162 546 
162 602 
162 805 
162 813 
163 356 
163 512 
163 771 
163 866 
163 885 
163 901 
164 406 
164 609 
164 636 
164 685 
164 744 
164 869 
165 262 
165 286 
165 606 
165 687 
165 730 
165 737 
165 803 
165 831 
165 903 
166 417 
166 535 
166 934 
166 952 
167 464 
167 827 
167 830 
167 979 
168 202 
168 230 
168 523 
168 527 
168 666 
168 758 
168 793 
168 875 
169 172 
169 576 
169 740 
169 934 
170 247 
170 264 
170 502 
170 834 
170 840 
170 847 
170 927 
170 991 
171 222 
171 251 
171 416 
171 444 
171 617 
171 826 
172 232 
172 415 
172 533 
172 576 
172 597 
172 619 
173 487 
173 511 
173 646 
173 656 
173 791 
173 825 
173 842 
173 944 
174 272 
174 939 
175 209 
175 276 
175 420 
175 459 
175 603 
175 670 
175 732 
175 880 
176 215 
176 233 
176 242 
176 372 
176 963 
176 968 
177 289 
177 342 
177 529 
177 815 
178 416 
178 617 
178 674 
178 707 
178 711 
178 886 
179 250 
179 340 
179 431 
179 602 
179 734 
179 917 
180 538 
180 548 
180 615 
180 783 
181 220 
181 414 
181 578 
181 604 
181 743 
181 855 
182 364 
182 389 
182 816 
183 303 
183 364 
183 426 
183 788 
183 816 
184 223 
184 376 
184 607 
184 723 
184 724 
184 753 
184 818 
185 207 
185 267 
185 293 
185 588 
185 846 
186 269 
186 352 
186 650 
186 720 
186 802 
186 874 
186 888 
187 281 
187 442 
187 466 
187 492 
187 760 
187 862 
188 294 
188 317 
188 325 
188 598 
188 856 
188 859 
188 918 
189 371 
189 591 
189 674 
189 839 
189 886 
190 504 
190 700 
190 893 
190 974 
191 214 
191 272 
191 557 
191 627 
191 756 
191 770 
191 775 
191 781 
191 946 
191 956 
192 227 
192 300 
192 314 
192 570 
192 664 
192 947 
193 577 
193 629 
193 654 
193 854 
193 864 
194 321 
194 369 
194 375 
194 510 
194 559 
194 721 
194 844 
194 899 
194 929 
195 310 
195 348 
195 382 
195 560 
195 683 
195 755 
195 890 
196 356 
196 630 
196 771 
196 885 
196 901 
196 988 
197 464 
197 827 
197 830 
197 979 
198 264 
198 400 
198 430 
198 450 
198 587 
198 658 
199 218 
199 231 
199 265 
199 418 
199 514 
199 879 
199 950 
200 519 
200 544 
200 780 
200 949 
201 223 
201 486 
201 723 
201 724 
201 732 
201 880 
202 357 
202 530 
202 652 
202 849 
203 236 
203 425 
203 550 
203 741 
203 928 
204 249 
204 324 
204 610 
204 618 
204 708 
204 838 
205 274 
205 280 
205 552 
205 628 
205 720 
205 881 
205 898 
205 1000 
206 374 
206 554 
206 839 
206 886 
206 972 
207 293 
207 546 
207 705 
207 822 
207 846 
208 264 
208 496 
208 502 
208 607 
208 916 
208 991 
209 420 
209 486 
209 670 
209 691 
209 732 
210 216 
210 219 
210 368 
210 386 
210 422 
210 532 
210 558 
210 684 
210 883 
210 1001 
211 295 
211 359 
211 388 
211 437 
211 439 
211 747 
211 792 
211 988 
212 287 
212 332 
212 363 
212 497 
212 926 
213 354 
213 493 
213 542 
213 567 
213 677 
213 715 
213 717 
213 752 
213 882 
214 451 
214 682 
214 894 
215 233 
215 242 
215 713 
215 963 
215 968 
216 368 
216 422 
216 676 
216 940 
216 1001 
217 311 
217 344 
217 374 
217 381 
217 653 
217 757 
217 807 
217 972 
218 401 
218 514 
218 518 
218 695 
218 909 
219 255 
219 368 
219 477 
219 532 
219 1001 
220 401 
220 695 
220 751 
220 950 
221 285 
221 410 
221 448 
221 634 
221 729 
221 893 
221 973 
221 974 
221 990 
222 251 
222 337 
222 573 
222 804 
223 320 
223 336 
223 496 
223 571 
223 607 
223 837 
224 287 
224 332 
224 363 
224 465 
224 497 
224 881 
224 926 
225 394 
225 579 
225 806 
225 808 
225 823 
225 974 
226 229 
226 699 
226 704 
226 792 
227 246 
227 300 
227 307 
227 421 
227 649 
228 431 
228 473 
228 696 
228 734 
228 813 
228 917 
229 241 
229 511 
229 646 
229 656 
229 791 
229 848 
229 944 
230 326 
230 481 
230 748 
230 758 
230 789 
230 896 
231 265 
231 414 
231 695 
232 411 
232 433 
232 438 
232 533 
232 580 
232 693 
232 697 
232 736 
232 843 
233 242 
233 406 
233 609 
233 968 
234 278 
234 438 
234 520 
234 533 
234 672 
234 693 
234 794 
234 930 
234 985 
235 263 
235 473 
235 492 
235 563 
235 622 
235 917 
236 243 
236 289 
236 313 
236 815 
236 961 
236 989 
237 352 
237 478 
237 647 
237 648 
237 767 
237 845 
238 301 
238 434 
238 480 
238 555 
239 452 
239 709 
239 827 
239 900 
240 351 
240 357 
240 471 
240 504 
240 568 
240 729 
240 965 
241 511 
241 699 
241 704 
242 609 
242 774 
242 865 
242 954 
243 594 
243 741 
243 961 
243 983 
243 989 
244 258 
244 266 
244 303 
244 364 
244 483 
244 716 
245 468 
245 541 
245 636 
245 672 
245 794 
245 835 
245 914 
245 942 
246 300 
246 310 
246 382 
246 526 
246 649 
247 347 
247 351 
247 502 
247 652 
247 658 
247 701 
247 728 
248 380 
248 574 
248 600 
248 646 
248 656 
248 791 
248 824 
248 825 
248 842 
248 951 
249 324 
249 613 
249 618 
249 708 
249 994 
250 263 
250 546 
250 602 
250 813 
251 444 
251 772 
251 804 
251 826 
252 326 
252 460 
252 481 
252 523 
252 748 
252 758 
252 789 
252 896 
253 300 
253 625 
253 664 
253 689 
253 690 
253 694 
253 738 
253 915 
253 960 
254 269 
254 500 
254 650 
254 710 
254 829 
254 874 
254 904 
254 995 
255 368 
255 391 
255 422 
255 532 
255 857 
255 883 
255 936 
255 1001 
256 306 
256 413 
256 467 
256 529 
256 550 
256 644 
256 923 
257 373 
257 477 
257 489 
257 545 
257 626 
257 714 
257 857 
258 266 
258 682 
258 956 
259 393 
259 457 
259 475 
259 608 
259 675 
259 745 
259 891 
260 294 
260 325 
260 334 
261 312 
261 344 
261 750 
261 757 
261 807 
261 876 
261 892 
262 284 
262 296 
262 687 
263 267 
263 473 
263 846 
263 917 
264 400 
264 658 
264 834 
264 847 
265 401 
265 506 
265 514 
265 909 
266 272 
266 305 
266 623 
266 894 
267 822 
267 884 
267 999 
268 333 
268 633 
268 659 
268 668 
268 680 
268 768 
269 352 
269 515 
269 648 
269 657 
269 665 
269 845 
269 932 
270 335 
270 390 
270 485 
270 581 
270 739 
270 992 
271 385 
271 521 
271 662 
271 666 
271 701 
271 849 
272 557 
272 716 
272 781 
273 316 
273 353 
273 583 
273 586 
273 871 
273 877 
273 984 
274 280 
274 352 
274 969 
275 469 
275 640 
275 712 
275 755 
275 800 
275 890 
275 897 
275 981 
276 420 
276 459 
276 486 
276 670 
276 691 
276 732 
276 850 
276 880 
277 332 
277 343 
277 405 
277 442 
277 465 
277 492 
277 760 
278 346 
278 417 
278 520 
278 576 
278 597 
278 754 
278 895 
278 934 
279 854 
280 628 
280 720 
280 874 
280 881 
280 888 
280 898 
281 405 
281 492 
281 563 
281 622 
281 681 
282 368 
282 477 
282 532 
282 920 
282 1001 
283 387 
283 433 
283 580 
283 599 
283 697 
283 736 
284 286 
284 769 
284 776 
284 803 
284 833 
284 919 
285 410 
285 448 
285 519 
285 590 
285 634 
286 296 
286 730 
286 803 
286 831 
287 363 
287 497 
287 874 
287 888 
288 425 
288 467 
288 500 
288 529 
288 810 
288 923 
288 928 
289 342 
289 425 
289 550 
289 741 
290 468 
290 575 
290 599 
290 736 
290 801 
290 811 
290 942 
290 955 
291 479 
291 489 
291 545 
291 841 
291 971 
292 322 
292 730 
292 737 
292 864 
293 588 
293 777 
293 822 
294 317 
294 325 
294 404 
294 598 
294 859 
294 918 
295 359 
295 388 
295 439 
295 510 
295 747 
295 948 
296 803 
296 831 
296 919 
297 303 
297 364 
297 816 
298 408 
298 450 
298 457 
298 959 
299 428 
299 470 
299 552 
299 562 
299 769 
299 833 
299 898 
299 1000 
300 421 
300 570 
300 694 
300 738 
301 555 
301 756 
301 905 
301 920 
301 946 
302 391 
302 455 
302 545 
302 784 
302 857 
302 936 
302 987 
303 389 
303 761 
303 816 
304 360 
304 393 
304 457 
304 475 
304 608 
304 675 
304 745 
305 483 
305 627 
305 781 
306 472 
306 586 
306 644 
306 655 
306 686 
306 923 
307 350 
307 526 
307 638 
307 799 
307 947 
308 488 
308 505 
308 549 
308 553 
308 631 
308 924 
308 994 
309 328 
309 454 
309 513 
309 641 
309 726 
309 731 
309 981 
310 526 
310 683 
310 911 
311 374 
311 441 
311 757 
311 892 
311 900 
311 972 
312 485 
312 739 
312 750 
313 448 
313 519 
313 634 
313 741 
313 961 
314 377 
314 564 
314 570 
314 689 
314 733 
314 947 
315 449 
315 494 
315 503 
315 539 
315 647 
315 706 
315 902 
315 941 
316 338 
316 586 
316 644 
316 798 
316 983 
316 984 
317 325 
317 404 
318 435 
318 470 
318 552 
318 562 
318 797 
318 1000 
319 327 
319 378 
319 429 
319 482 
319 661 
319 677 
319 978 
319 986 
320 336 
320 408 
320 496 
320 571 
320 723 
320 850 
321 359 
321 369 
321 437 
321 439 
321 559 
321 899 
322 654 
322 749 
322 751 
323 451 
323 557 
323 627 
323 781 
323 894 
323 907 
324 610 
324 613 
324 708 
324 838 
325 404 
325 598 
325 856 
325 859 
325 931 
326 481 
326 521 
326 789 
326 863 
326 896 
327 378 
327 429 
327 436 
327 482 
327 495 
327 534 
327 611 
327 713 
327 986 
328 474 
328 475 
328 608 
328 620 
328 669 
328 745 
328 962 
329 367 
329 427 
329 530 
329 645 
329 666 
329 852 
329 935 
330 446 
330 566 
330 581 
330 688 
330 739 
331 518 
331 582 
331 749 
332 442 
332 497 
332 926 
333 659 
333 749 
333 768 
333 854 
334 598 
334 931 
335 379 
335 446 
335 485 
335 653 
335 718 
336 496 
336 723 
336 724 
336 837 
336 850 
336 880 
337 444 
337 772 
337 804 
338 353 
338 383 
338 586 
338 644 
338 798 
338 871 
338 984 
339 371 
339 554 
339 591 
339 765 
339 820 
339 839 
339 976 
340 431 
340 516 
340 602 
340 621 
340 734 
340 813 
341 505 
341 613 
341 708 
341 924 
341 994 
342 461 
342 698 
342 741 
342 815 
342 928 
342 949 
343 363 
343 442 
343 465 
343 497 
343 760 
343 926 
344 595 
344 757 
345 354 
345 542 
345 567 
345 629 
345 660 
345 868 
346 535 
346 576 
346 772 
346 895 
347 351 
347 490 
347 504 
347 658 
347 700 
347 840 
348 382 
348 469 
348 525 
348 528 
348 683 
348 755 
348 890 
349 507 
349 540 
349 764 
349 797 
349 921 
350 377 
350 651 
350 799 
350 814 
350 947 
351 357 
351 471 
351 504 
351 652 
351 766 
351 852 
352 365 
352 515 
352 845 
352 995 
353 644 
353 798 
353 871 
353 984 
354 542 
354 629 
354 882 
355 402 
355 447 
355 484 
355 501 
355 678 
355 689 
355 690 
356 512 
356 524 
356 630 
356 885 
356 933 
357 427 
357 504 
357 530 
357 652 
357 766 
357 852 
357 935 
358 431 
358 734 
359 375 
359 388 
359 437 
359 439 
359 510 
359 948 
359 988 
360 454 
360 513 
360 608 
360 620 
360 669 
360 675 
360 731 
361 451 
361 642 
361 756 
361 762 
361 905 
361 946 
362 376 
362 445 
362 548 
362 753 
362 818 
362 925 
363 497 
363 926 
364 389 
364 761 
365 647 
365 648 
365 767 
365 845 
366 449 
366 494 
366 539 
366 647 
366 706 
366 767 
366 902 
366 941 
367 427 
367 530 
367 666 
367 793 
367 935 
368 422 
368 558 
368 883 
369 375 
369 388 
369 439 
369 559 
369 792 
369 899 
369 929 
370 385 
370 396 
370 502 
370 569 
370 607 
370 701 
370 847 
370 916 
371 374 
371 554 
371 591 
371 886 
371 972 
372 378 
372 482 
372 611 
372 661 
372 713 
372 742 
372 963 
372 978 
373 477 
373 479 
373 480 
373 920 
373 971 
374 441 
374 589 
374 595 
374 886 
375 388 
375 437 
375 439 
375 559 
376 445 
376 569 
376 773 
376 863 
376 993 
377 508 
377 638 
377 664 
377 841 
377 947 
378 429 
378 436 
378 482 
378 534 
378 661 
378 677 
378 742 
378 978 
379 581 
379 992 
380 574 
380 646 
380 656 
380 791 
380 825 
380 842 
380 951 
381 441 
381 595 
381 757 
381 892 
382 403 
382 421 
382 556 
383 425 
383 550 
383 741 
383 928 
384 538 
384 548 
384 759 
384 908 
384 925 
384 966 
385 396 
385 502 
385 701 
385 849 
385 861 
386 422 
386 676 
386 832 
386 940 
387 468 
387 575 
387 593 
387 599 
387 801 
387 912 
387 955 
388 510 
388 747 
388 948 
389 395 
390 446 
390 596 
390 635 
390 718 
390 992 
391 392 
391 987 
392 455 
392 545 
392 936 
393 450 
393 587 
393 667 
393 675 
393 922 
394 579 
394 806 
394 808 
394 823 
394 943 
395 816 
395 876 
396 773 
396 861 
396 863 
397 628 
397 650 
397 829 
397 874 
397 888 
397 995 
398 561 
398 692 
398 746 
398 765 
398 796 
398 858 
398 878 
398 976 
399 642 
399 643 
399 756 
399 905 
399 946 
399 958 
400 457 
400 587 
400 667 
400 834 
400 870 
400 922 
400 991 
401 582 
401 879 
402 447 
402 484 
402 501 
402 592 
402 678 
402 689 
402 690 
402 703 
403 476 
403 526 
403 528 
403 649 
404 855 
404 856 
404 859 
404 918 
405 442 
405 466 
405 492 
405 563 
405 681 
405 862 
406 541 
406 685 
406 744 
406 914 
406 954 
407 416 
407 617 
407 711 
407 872 
407 982 
408 450 
408 496 
408 587 
408 667 
408 922 
408 959 
409 633 
409 659 
409 668 
409 680 
409 768 
410 499 
410 565 
410 637 
410 673 
410 860 
410 990 
411 415 
411 533 
411 576 
412 499 
412 543 
412 590 
412 673 
412 780 
412 990 
413 583 
413 644 
413 686 
413 819 
413 923 
414 695 
414 950 
415 498 
415 576 
415 597 
415 619 
415 740 
415 782 
415 889 
416 522 
416 707 
416 711 
416 830 
416 957 
417 535 
417 576 
417 702 
417 895 
417 930 
418 506 
418 695 
418 855 
418 950 
419 570 
419 625 
419 689 
419 690 
419 694 
419 738 
420 572 
420 670 
420 691 
420 790 
421 476 
421 526 
421 649 
422 532 
422 536 
422 940 
423 685 
423 699 
423 704 
423 744 
423 848 
423 869 
423 914 
424 724 
424 818 
424 993 
425 529 
426 446 
426 635 
426 787 
426 788 
427 652 
427 793 
427 849 
427 852 
428 453 
428 470 
428 562 
428 898 
428 1000 
429 482 
429 495 
429 677 
429 978 
429 986 
430 490 
430 614 
430 658 
430 834 
430 870 
430 991 
431 621 
431 734 
431 813 
432 474 
432 608 
432 745 
433 580 
433 593 
433 736 
433 843 
433 912 
434 555 
434 642 
434 643 
434 756 
434 905 
434 946 
435 453 
435 540 
435 764 
435 797 
435 921 
436 482 
436 611 
436 677 
436 978 
436 986 
437 524 
437 933 
437 988 
438 520 
438 736 
438 794 
438 843 
438 985 
439 559 
439 929 
440 585 
440 798 
440 970 
441 972 
442 465 
442 492 
442 760 
443 493 
443 495 
443 542 
443 677 
443 752 
443 882 
443 986 
444 573 
444 778 
444 804 
444 812 
444 945 
445 753 
445 818 
445 863 
445 953 
445 993 
446 485 
446 739 
446 992 
447 456 
447 484 
447 501 
447 664 
447 841 
448 519 
448 961 
448 973 
449 515 
449 583 
449 767 
449 902 
449 941 
450 457 
450 587 
450 870 
450 922 
450 991 
451 531 
451 627 
451 671 
451 770 
451 781 
451 907 
452 757 
452 827 
452 892 
452 975 
453 470 
453 552 
453 562 
453 624 
453 797 
453 851 
454 620 
454 640 
454 669 
454 800 
454 962 
454 981 
455 784 
455 987 
455 1001 
456 508 
456 564 
456 664 
456 733 
456 947 
457 587 
457 675 
458 479 
458 821 
458 971 
459 486 
459 572 
459 670 
459 691 
459 790 
460 481 
460 521 
460 789 
460 863 
460 896 
461 544 
461 780 
462 544 
462 590 
462 780 
463 518 
464 632 
464 938 
465 497 
465 926 
466 492 
466 563 
466 622 
466 681 
466 862 
467 529 
467 815 
467 928 
468 575 
468 679 
468 693 
468 736 
468 817 
468 843 
468 942 
468 955 
469 525 
469 560 
469 712 
469 755 
469 763 
469 890 
469 897 
470 552 
470 562 
470 833 
470 898 
470 1000 
471 700 
471 728 
471 729 
471 893 
472 583 
472 655 
472 845 
472 877 
472 913 
472 932 
473 622 
474 475 
474 608 
474 641 
474 745 
474 891 
476 683 
477 489 
477 558 
477 626 
477 920 
477 964 
478 647 
478 665 
478 851 
478 902 
478 941 
478 969 
479 626 
479 714 
479 762 
479 799 
479 814 
479 821 
480 642 
480 714 
480 756 
480 770 
480 821 
480 905 
480 946 
481 523 
481 662 
481 896 
482 493 
482 742 
482 986 
483 627 
483 956 
484 592 
484 678 
484 689 
484 703 
484 841 
485 551 
485 566 
486 572 
486 670 
486 724 
486 790 
486 837 
486 880 
487 511 
487 699 
487 704 
488 505 
488 549 
488 553 
488 631 
488 924 
488 994 
489 821 
489 920 
490 504 
490 614 
490 700 
490 728 
491 547 
491 561 
491 722 
491 796 
491 858 
491 878 
491 977 
492 563 
492 622 
492 681 
492 862 
493 661 
493 715 
493 717 
493 742 
493 978 
494 540 
494 647 
494 767 
494 941 
495 542 
495 677 
495 795 
495 882 
496 571 
496 607 
496 723 
496 916 
498 934 
499 565 
499 637 
499 645 
499 860 
499 965 
500 529 
500 655 
500 923 
500 995 
501 508 
501 592 
501 678 
501 703 
501 841 
502 658 
502 766 
502 840 
502 847 
503 539 
503 583 
503 877 
504 568 
504 700 
504 728 
505 549 
505 553 
505 631 
505 937 
505 994 
506 578 
506 582 
506 695 
507 624 
507 706 
507 767 
507 902 
508 570 
508 689 
508 733 
508 841 
508 915 
509 517 
509 676 
509 725 
509 832 
509 998 
510 559 
510 721 
510 899 
511 574 
511 825 
511 951 
512 584 
512 630 
512 866 
512 885 
512 901 
513 620 
513 640 
513 641 
513 669 
513 726 
513 962 
514 518 
514 879 
515 647 
515 913 
515 932 
516 621 
516 734 
517 676 
517 809 
517 883 
517 940 
517 998 
518 695 
518 751 
518 768 
518 879 
519 543 
519 544 
519 634 
519 949 
520 576 
520 930 
521 773 
521 863 
521 896 
522 589 
522 674 
522 886 
522 957 
523 527 
523 662 
523 758 
523 789 
523 875 
523 896 
524 630 
524 771 
524 885 
524 901 
524 933 
524 988 
525 560 
525 755 
525 763 
525 800 
525 890 
525 897 
525 981 
526 556 
526 683 
527 662 
527 793 
527 853 
528 755 
528 890 
529 550 
529 923 
529 928 
530 666 
530 852 
530 853 
531 682 
531 781 
531 894 
531 907 
531 996 
532 536 
532 558 
532 883 
532 964 
533 693 
533 736 
533 843 
533 985 
534 661 
534 677 
534 978 
534 986 
535 934 
536 857 
536 936 
536 1001 
537 638 
537 799 
537 907 
538 783 
538 908 
538 953 
539 583 
539 647 
539 767 
539 877 
539 902 
540 624 
540 706 
540 902 
541 609 
541 636 
541 685 
541 744 
541 869 
542 567 
542 795 
542 967 
543 544 
543 590 
543 780 
543 990 
544 590 
544 698 
545 857 
545 936 
546 588 
546 822 
546 846 
547 561 
547 722 
547 858 
547 878 
547 977 
547 997 
548 615 
548 783 
548 953 
548 966 
549 553 
549 631 
549 924 
549 994 
550 815 
550 928 
551 739 
551 750 
551 807 
551 876 
552 720 
552 898 
553 613 
553 708 
553 994 
554 591 
554 674 
554 765 
554 839 
555 635 
555 643 
555 756 
555 905 
555 958 
556 911 
557 770 
558 1001 
559 844 
560 683 
560 755 
560 890 
560 911 
561 722 
561 765 
561 796 
561 858 
561 878 
561 977 
562 769 
562 919 
562 1000 
563 862 
565 645 
565 673 
565 860 
565 965 
566 581 
566 718 
566 807 
567 882 
568 700 
568 893 
569 607 
569 773 
569 818 
569 861 
569 863 
570 664 
570 690 
571 837 
571 850 
571 880 
572 670 
572 691 
572 732 
573 612 
573 632 
573 804 
573 826 
574 646 
574 791 
574 951 
575 771 
575 811 
575 942 
575 955 
576 619 
577 606 
577 654 
577 730 
577 737 
577 864 
577 868 
578 604 
578 695 
578 950 
579 823 
579 943 
579 974 
580 593 
580 782 
580 912 
581 688 
581 718 
581 887 
582 604 
582 743 
582 751 
582 950 
583 686 
583 819 
583 913 
584 771 
584 811 
584 885 
584 901 
585 594 
585 867 
585 970 
585 983 
585 989 
586 871 
587 667 
587 991 
588 805 
588 822 
588 846 
589 707 
589 830 
589 979 
590 780 
590 949 
591 688 
591 820 
592 678 
592 689 
592 690 
593 599 
593 697 
593 736 
594 663 
594 970 
595 807 
595 892 
596 635 
596 643 
596 887 
597 782 
597 934 
599 771 
599 801 
599 817 
599 885 
599 912 
599 955 
600 646 
600 656 
600 791 
600 842 
600 951 
601 633 
601 659 
601 668 
601 680 
601 768 
602 813 
603 670 
603 691 
604 695 
604 751 
604 950 
605 670 
605 691 
606 687 
606 730 
606 737 
606 803 
606 831 
606 903 
607 861 
607 916 
609 685 
609 744 
609 954 
610 613 
610 708 
611 774 
611 963 
612 632 
612 735 
612 778 
612 826 
612 910 
613 631 
613 937 
614 700 
615 783 
615 953 
616 747 
616 801 
616 817 
616 869 
616 942 
616 948 
616 955 
617 707 
617 711 
617 727 
617 938 
618 708 
618 838 
619 934 
620 641 
620 726 
621 734 
622 696 
622 862 
623 682 
624 797 
624 921 
625 694 
625 738 
626 920 
626 971 
627 894 
628 650 
628 720 
628 802 
628 874 
628 888 
629 660 
629 828 
629 868 
629 967 
630 771 
630 866 
630 885 
630 901 
630 933 
631 708 
631 994 
632 719 
632 938 
633 659 
633 668 
633 680 
633 768 
634 961 
634 990 
635 643 
635 992 
636 672 
636 679 
636 794 
636 914 
637 645 
637 673 
637 893 
637 965 
637 990 
638 651 
638 814 
639 705 
639 786 
639 822 
639 846 
640 731 
640 763 
640 800 
640 897 
640 981 
641 669 
641 731 
641 745 
641 962 
642 958 
645 853 
645 860 
645 965 
646 825 
647 665 
647 902 
648 932 
648 995 
649 683 
651 762 
651 799 
651 907 
652 701 
652 728 
652 849 
652 935 
653 688 
653 892 
654 828 
654 864 
654 868 
655 686 
656 825 
656 848 
657 932 
658 834 
658 840 
658 847 
658 870 
658 991 
659 680 
659 854 
660 967 
661 752 
661 986 
662 748 
662 758 
662 793 
662 896 
663 970 
663 983 
663 989 
664 689 
664 841 
664 915 
664 947 
665 710 
665 845 
666 849 
666 853 
667 675 
667 959 
668 680 
668 768 
669 726 
669 731 
670 691 
670 790 
670 880 
671 682 
671 781 
671 894 
671 907 
671 996 
672 679 
672 693 
672 843 
673 860 
673 990 
674 711 
674 727 
674 820 
674 957 
675 922 
675 959 
676 684 
676 940 
676 998 
677 742 
677 752 
677 986 
678 703 
678 841 
679 693 
679 835 
679 843 
679 942 
679 955 
680 749 
680 768 
680 854 
681 760 
682 781 
682 939 
684 832 
684 940 
685 865 
685 914 
685 954 
686 845 
686 913 
686 923 
686 932 
687 797 
687 803 
687 921 
688 718 
688 807 
689 841 
689 915 
690 738 
690 960 
691 732 
692 765 
692 858 
692 887 
692 977 
693 736 
693 794 
694 915 
694 960 
695 950 
697 736 
697 782 
697 912 
698 780 
698 810 
698 949 
699 791 
699 848 
700 728 
700 729 
701 766 
702 772 
702 934 
702 952 
704 791 
704 848 
704 944 
705 805 
705 822 
705 846 
705 884 
706 767 
706 941 
707 727 
707 830 
707 938 
707 979 
708 937 
708 994 
709 735 
709 827 
709 975 
710 845 
710 932 
711 957 
712 755 
712 763 
712 890 
713 774 
713 963 
714 920 
714 971 
715 795 
715 882 
715 986 
716 788 
716 956 
717 795 
717 882 
717 986 
718 739 
719 735 
719 778 
719 826 
720 969 
721 836 
721 899 
721 929 
722 796 
722 858 
722 878 
722 977 
722 997 
723 837 
723 850 
724 732 
724 790 
725 809 
725 832 
725 998 
726 731 
726 745 
726 962 
727 886 
727 957 
728 766 
728 840 
729 893 
729 974 
730 864 
731 962 
732 790 
732 837 
732 850 
732 880 
735 910 
740 782 
740 906 
741 815 
741 961 
742 752 
744 865 
744 954 
746 765 
746 858 
746 887 
746 977 
747 792 
747 835 
747 869 
748 789 
749 751 
750 757 
750 892 
751 779 
752 978 
753 818 
753 953 
753 993 
754 895 
754 934 
754 952 
755 763 
756 958 
757 807 
757 900 
758 793 
758 853 
758 875 
758 896 
759 783 
761 816 
762 971 
763 800 
763 890 
764 903 
765 820 
765 839 
765 976 
766 840 
766 849 
768 779 
768 785 
769 833 
769 919 
769 980 
770 946 
771 801 
771 811 
773 818 
773 861 
773 863 
774 963 
774 968 
775 787 
775 788 
775 946 
775 956 
776 803 
776 831 
777 805 
777 813 
778 812 
778 826 
778 945 
780 949 
781 894 
783 925 
783 966 
786 822 
787 873 
787 956 
788 873 
789 896 
791 825 
792 948 
793 849 
793 935 
794 843 
794 985 
795 967 
795 986 
796 858 
796 977 
796 997 
797 921 
798 867 
798 983 
798 984 
798 989 
799 907 
800 897 
801 811 
801 955 
801 988 
802 969 
803 903 
804 826 
805 822 
805 846 
806 808 
806 974 
807 892 
808 823 
808 943 
808 973 
808 974 
809 832 
809 940 
809 998 
810 928 
810 949 
811 817 
811 885 
812 826 
812 952 
814 971 
815 928 
817 942 
817 955 
818 993 
819 845 
819 932 
820 886 
821 920 
821 971 
823 974 
824 842 
824 848 
824 865 
824 951 
827 975 
828 854 
829 923 
829 995 
831 903 
832 940 
833 919 
835 869 
835 942 
835 948 
835 955 
836 844 
836 899 
836 929 
837 850 
837 880 
839 886 
842 848 
844 899 
844 929 
846 884 
846 999 
847 861 
847 916 
848 951 
849 935 
851 902 
852 893 
852 935 
852 965 
853 875 
853 935 
855 950 
856 918 
857 987 
859 918 
860 893 
861 916 
865 968 
866 885 
866 901 
866 933 
867 970 
867 983 
867 989 
869 914 
870 927 
871 877 
871 984 
872 889 
872 906 
873 992 
874 904 
878 997 
879 909 
881 898 
881 926 
881 1000 
882 967 
883 936 
883 940 
887 976 
888 904 
889 906 
889 982 
893 965 
894 996 
895 934 
895 952 
899 929 
900 975 
901 933 
903 921 
905 958 
906 982 
907 939 
908 925 
908 966 
910 975 
915 947 
916 927 
919 980 
920 958 
920 964 
924 937 
924 994 
925 953 
925 966 
927 991 
930 934 
930 985 
932 995 
933 988 
937 994 
939 996 
940 1001 
943 974 
945 952 
946 958 
953 966 
954 968 
961 970 
961 989 
964 1001 
970 989 
973 974 
976 977 
