1002
10 -33.35 6.90
9 31.65 -3.10
6 -21.70 -2.65
10 -5.50 5.90
9 -23.80 3.95
6 7.20 7.80
9 -9.30 0.10
7 7.15 8.15
10 16.90 4.35
10 5.10 -1.05
9 9.50 1.35
9 -20.55 6.90
8 28.60 4.00
9 9.05 1.10
7 15.05 -1.50
7 -23.80 5.75
7 -15.60 1.95
9 -14.40 -1.35
10 -8.00 7.60
9 -2.65 -3.00
10 1.55 -2.40
7 -9.45 4.30
10 -32.50 7.10
9 -14.85 0.55
6 16.20 -5.15
8 -4.85 7.95
9 27.20 1.25
8 -28.05 10.20
9 -0.30 -2.30
9 -32.80 3.80
8 15.70 3.30
10 -10.55 0.35
10 34.35 2.95
9 6.35 1.95
6 21.75 7.85
8 22.90 6.95
10 -19.20 -1.75
10 7.45 -0.45
9 -20.40 3.75
9 6.10 5.70
8 -23.35 4.40
10 -29.45 3.00
10 19.15 -1.85
9 -2.00 8.70
8 -13.50 5.40
9 -14.35 7.00
10 17.35 2.10
9 -11.50 -2.40
7 15.80 -1.60
10 -2.15 2.30
9 13.15 -1.70
9 -22.15 -0.15
6 32.45 7.00
9 -12.70 5.30
10 24.75 0.40
9 27.50 2.35
10 5.10 6.55
9 27.80 -2.00
7 -7.20 -1.30
9 -15.15 7.25
10 0.30 -1.10
10 -16.35 2.90
7 9.80 -4.25
10 11.25 7.45
5 -21.90 10.65
9 -26.75 6.50
9 -28.85 4.15
9 -13.90 0.55
8 32.95 6.50
8 15.80 -1.70
9 31.50 4.10
7 -16.10 9.15
9 -27.50 -5.30
9 11.60 -3.45
9 29.80 1.90
9 -19.85 3.35
10 9.65 4.55
9 29.10 1.00
9 31.50 -2.15
9 3.80 4.25
11 -3.30 6.80
9 -0.85 1.00
10 25.85 7.00
9 -18.10 6.95
9 -9.85 5.55
8 -28.40 3.30
9 -20.35 2.85
10 28.90 7.00
9 -26.20 6.30
10 -27.30 2.50
10 24.00 3.40
7 24.80 3.45
10 16.10 5.05
9 -21.70 3.50
8 -26.15 -0.50
9 -19.40 1.95
10 13.90 6.65
8 -12.35 8.35
10 12.90 5.65
11 29.80 -2.80
9 0.05 1.40
10 10.80 -0.45
10 32.65 2.90
4 7.00 9.05
8 23.85 5.85
8 -7.50 -1.15
8 29.65 8.05
8 2.90 1.95
10 13.10 2.20
9 21.35 4.20
9 28.90 5.70
8 22.45 -2.25
9 -20.60 1.85
8 21.85 -4.70
9 -26.80 5.35
8 -35.65 7.05
8 4.70 3.70
8 23.40 3.75
13 31.45 5.80
8 -25.95 -0.10
9 -11.45 2.40
10 15.20 4.35
9 -8.65 -1.40
9 36.35 -0.35
8 34.15 3.85
8 -14.70 3.10
10 -35.50 2.60
10 -10.50 4.70
10 27.75 5.50
10 -24.45 6.35
9 -0.10 6.20
8 4.25 -0.40
8 9.15 6.00
9 -5.50 4.55
6 -4.60 7.85
8 -27.05 0.70
10 -32.05 2.60
9 21.90 -0.55
9 -24.75 7.25
9 -4.90 -1.50
7 -8.45 3.95
7 32.40 6.85
8 15.70 3.65
8 -11.30 4.75
8 -10.20 1.75
9 6.55 1.90
7 28.20 9.80
6 -22.35 -4.95
7 2.60 1.40
8 -11.35 4.90
10 9.75 7.80
10 -28.40 6.65
6 -11.65 10.45
10 -34.70 8.40
7 3.15 1.60
10 19.75 1.35
10 14.50 0.55
8 -19.80 8.40
10 7.75 2.50
8 21.40 -0.75
9 27.55 2.60
9 11.70 -1.15
9 -16.85 1.40
8 0.65 6.80
8 -26.00 -0.55
10 36.35 -2.25
8 16.10 2.00
9 -22.05 3.05
10 29.10 3.50
8 30.50 3.60
10 -15.90 2.15
9 -17.65 6.70
3 2.95 8.90
10 -2.75 -2.35
9 -23.60 1.05
8 31.30 -3.50
7 -25.20 7.55
9 -11.05 -3.00
9 36.90 3.00
9 -22.85 0.90
9 -12.65 5.00
10 30.40 -2.85
9 16.75 -3.40
9 -4.80 -0.15
8 0.60 3.85
6 18.65 8.40
9 23.60 7.00
9 35.40 6.10
9 -22.75 1.95
9 28.75 6.15
8 26.75 8.60
8 32.95 6.75
7 32.10 7.35
12 -3.10 -0.95
9 20.60 7.25
10 9.05 4.30
8 -27.85 0.65
10 13.15 5.05
9 -16.90 4.05
11 10.80 -2.40
4 -7.25 5.15
8 2.20 0.45
9 3.80 -0.10
8 -9.55 2.50
9 -27.05 -0.55
8 -7.70 1.20
8 9.85 -1.55
9 -17.15 0.55
10 22.50 -2.10
8 -1.55 5.60
8 9.60 7.25
11 20.75 3.50
10 -6.50 5.75
8 -23.80 6.15
10 32.95 3.65
8 3.60 1.85
8 10.00 5.55
8 14.00 1.70
7 -15.45 9.10
8 30.15 2.60
10 -26.40 -4.20
8 -23.55 0.75
9 -5.25 0.05
10 27.45 -0.55
9 -30.45 7.85
12 -9.90 8.65
10 -24.55 -1.60
10 -25.35 -2.30
8 32.05 3.00
9 0.20 3.80
7 -2.00 5.60
8 11.25 1.55
9 4.35 -1.45
8 27.55 -1.65
10 6.70 1.00
8 13.35 -1.90
9 -7.20 0.80
7 21.75 -0.60
8 -27.65 5.50
9 -34.65 3.35
8 29.00 -2.80
11 -30.25 2.50
5 -6.85 5.40
9 -1.05 3.80
8 -20.40 5.10
10 -31.65 7.40
9 -1.80 3.85
10 -26.70 8.45
8 -22.70 9.85
5 -22.75 -4.55
11 -1.70 3.20
6 -25.20 4.45
6 -21.65 0.10
6 -21.00 -1.80
10 -0.90 7.60
8 5.45 7.75
8 -11.35 5.55
8 -11.75 6.10
10 8.50 2.05
10 -31.55 -2.35
8 -22.15 -5.15
9 -17.85 2.90
10 22.80 3.60
6 15.25 -2.10
10 11.85 4.50
10 -9.60 6.15
12 -10.15 -1.15
10 23.35 -2.50
8 -27.45 0.95
9 -10.70 9.10
6 25.75 9.60
10 -33.90 0.20
9 1.50 1.10
8 -20.85 6.00
8 16.50 -0.90
10 -15.15 6.75
8 19.75 -0.60
7 -23.95 -3.10
9 -21.25 4.05
9 -32.85 4.00
11 -25.00 5.30
8 -6.80 5.00
6 35.80 -4.20
10 26.40 5.70
10 -35.60 -0.20
7 7.35 4.50
9 -30.35 1.70
8 9.60 7.45
7 28.05 4.25
7 -20.70 -1.25
10 15.60 2.70
7 31.30 -2.30
8 16.20 6.05
10 27.20 5.20
9 -21.75 4.75
12 -25.35 8.85
10 30.60 0.90
11 -16.20 7.50
7 16.60 0.85
10 23.25 -2.60
10 -12.05 7.70
10 0.45 2.75
8 15.90 -1.50
9 22.75 6.00
7 -4.20 3.35
7 -24.80 4.65
7 8.20 -2.40
9 31.25 -1.10
8 -35.65 -1.70
8 -28.30 2.20
6 7.95 -2.20
7 24.15 -0.95
9 -4.90 -1.25
7 -25.20 -0.35
8 -7.90 0.85
9 -24.65 0.25
5 32.75 6.95
8 25.90 2.10
9 36.60 3.55
11 -19.35 6.30
10 -1.20 -1.00
10 -13.90 6.50
9 -17.60 0.95
7 -23.55 1.05
8 -19.55 0.40
10 9.10 -1.05
9 -13.40 4.85
8 -4.20 -2.70
9 21.25 6.85
9 31.05 -0.45
8 23.20 4.45
8 31.60 1.85
7 12.35 2.75
10 3.15 0.75
8 -16.15 7.80
6 35.70 -4.10
7 21.10 8.15
9 -2.65 8.25
9 28.45 4.05
8 -2.50 -1.05
9 7.95 6.85
8 -8.80 -3.00
10 -4.80 5.25
8 -30.15 4.20
8 -15.15 6.00
10 33.25 4.80
6 -4.15 0.65
6 18.65 4.55
8 -19.30 8.25
7 3.00 1.45
6 -13.25 -2.05
8 1.50 5.40
7 31.60 -2.65
7 4.30 -0.55
9 -21.50 2.50
10 -29.00 -1.10
8 -9.40 -4.65
4 2.60 -3.55
9 -0.95 1.45
9 29.55 5.80
6 -12.00 -3.00
7 -1.55 5.65
11 34.90 5.05
9 -21.70 6.70
9 -9.25 1.70
8 25.05 4.00
7 -24.90 4.10
8 9.25 5.85
10 -30.55 6.80
11 21.55 -0.95
10 3.75 4.75
8 -29.20 0.20
9 13.10 -4.55
6 -24.75 4.25
11 9.10 1.75
10 -13.75 2.20
10 14.75 4.80
8 28.80 0.90
9 -20.00 0.20
4 -4.45 -3.80
8 -11.35 3.15
8 36.60 5.35
9 16.95 -4.10
9 11.80 -3.15
9 5.25 3.10
8 30.10 2.85
10 -29.15 6.85
8 -21.85 -5.95
10 -30.80 3.20
10 9.95 1.00
6 -29.70 1.60
10 -23.05 4.85
11 -20.85 6.75
9 33.95 4.00
8 26.05 1.80
9 -3.90 5.35
8 9.10 2.75
12 -6.20 1.05
8 16.60 -2.45
8 4.55 5.50
8 15.00 5.45
11 -25.90 -2.60
10 0.00 0.55
4 -11.75 10.20
7 -4.35 3.20
10 -12.20 1.70
6 -9.25 4.20
11 -10.30 2.00
9 30.85 4.60
8 -22.80 9.15
7 15.40 6.55
8 -29.30 -1.55
7 15.90 -2.70
9 26.35 4.15
7 2.70 2.90
11 15.30 -2.20
10 -18.35 7.45
8 -9.00 2.70
9 -7.65 8.45
9 19.00 7.30
8 -37.05 0.80
10 -17.25 2.90
6 15.70 -3.15
10 24.75 1.10
9 22.90 5.85
10 10.20 -0.40
5 -22.30 10.45
10 7.90 3.30
8 -23.65 -0.95
7 10.80 5.90
10 25.50 -1.10
8 -24.55 0.90
8 6.65 8.40
8 16.15 1.75
11 5.15 -0.30
11 28.10 1.30
11 -19.40 6.85
7 -28.15 3.50
10 24.35 2.55
8 -6.85 5.30
8 2.15 1.40
9 36.35 -1.55
12 -20.70 2.45
10 23.30 4.90
6 32.65 -1.05
11 29.00 2.55
8 28.50 4.40
10 -12.60 3.75
10 6.10 -0.75
10 -25.30 -2.55
10 -32.90 6.30
12 -34.50 6.00
5 -22.90 -4.55
9 6.10 0.05
12 -3.25 4.50
8 9.30 2.70
6 13.40 -5.55
10 12.95 5.10
9 30.75 0.40
10 25.75 2.95
8 29.65 3.50
9 10.80 1.10
10 23.50 4.90
9 10.70 1.20
7 22.70 1.10
12 6.50 7.20
8 -4.00 0.40
10 -28.85 2.85
8 -12.70 7.45
8 11.30 0.60
10 -25.25 0.25
11 16.00 0.95
8 1.45 2.75
11 -27.60 0.20
7 36.40 2.00
12 -8.75 7.15
7 -30.45 -0.35
7 -26.65 1.00
10 -33.60 -1.65
10 20.25 -0.90
12 -10.25 7.35
9 -19.15 6.40
10 22.55 -3.60
5 -11.60 10.20
10 29.55 1.85
9 -26.95 5.80
9 -24.25 -2.80
10 17.90 3.10
10 -25.85 6.75
6 -9.80 5.75
11 -25.35 -1.70
14 28.00 6.55
10 -18.55 1.45
11 14.35 2.90
8 -27.45 3.95
7 17.25 5.10
7 -22.60 -5.25
9 31.15 -3.20
10 27.25 7.45
8 -5.50 3.10
11 -17.10 1.90
9 0.55 1.65
8 36.75 2.00
9 8.85 -2.30
6 12.25 3.15
9 12.10 6.15
11 -25.75 -1.85
7 14.90 -1.75
8 -10.00 6.40
10 8.70 6.05
8 -27.85 -4.45
10 27.40 3.80
11 22.40 5.00
8 -18.05 7.85
12 22.50 -1.25
7 -15.90 5.10
7 -27.45 10.55
11 2.55 -0.25
7 17.55 2.70
10 -0.20 -1.05
9 -6.20 2.35
4 9.75 -5.05
8 -3.00 -2.75
9 -30.80 5.30
10 -31.90 -0.40
10 -2.05 -0.85
11 -6.85 0.60
6 -22.45 -4.55
12 28.15 7.05
6 10.30 -4.80
10 -33.10 -1.10
11 -18.25 1.20
6 -20.80 4.90
10 -31.35 4.95
5 30.25 -4.20
6 6.95 8.05
10 -35.35 -1.85
9 5.70 -1.30
9 -35.75 6.45
8 29.85 5.75
9 -0.90 2.05
9 -7.55 0.70
10 1.70 0.30
10 19.05 3.40
7 13.05 0.50
8 29.45 0.40
7 -23.70 -3.95
10 -8.75 -1.45
9 -5.05 2.30
10 -11.05 -0.85
9 -2.55 7.30
6 4.95 2.80
9 -3.35 3.90
8 29.40 7.15
10 31.40 4.50
9 -34.25 1.45
9 -28.65 -3.05
7 18.95 4.50
8 21.30 1.75
4 4.00 1.45
10 -10.25 1.50
11 -14.85 3.05
10 -11.55 -2.00
9 -17.55 -0.20
13 -4.80 4.50
7 -35.40 6.70
8 -2.00 3.80
10 4.05 2.20
10 -21.50 5.35
7 -27.05 -1.50
10 36.15 -1.30
4 5.10 8.15
9 -21.95 0.30
8 -20.25 2.40
8 11.85 1.90
10 3.00 2.30
7 15.65 3.05
12 10.90 -1.85
7 2.65 4.80
9 -26.80 -3.20
9 -3.05 8.55
10 -10.85 -0.40
8 31.95 4.90
5 -22.05 10.65
3 5.05 7.90
11 20.70 -1.85
6 -15.80 5.70
9 13.25 -3.65
10 6.75 0.25
10 -25.60 7.15
11 28.00 3.35
10 -32.90 8.15
11 -9.70 6.25
10 -24.95 -2.65
10 -4.30 7.25
9 15.30 -1.55
8 -13.75 3.45
11 -29.65 6.60
7 -6.50 7.20
10 -29.45 -2.05
9 -23.05 -5.00
7 10.00 3.85
10 -36.65 -1.20
8 20.50 2.45
10 -19.75 2.60
7 23.90 -1.25
6 17.80 -4.50
9 -17.15 7.65
11 -20.00 1.95
7 1.05 7.75
11 -24.80 5.25
11 -13.25 0.45
8 6.70 -0.05
7 9.35 0.90
6 35.55 9.50
8 -34.20 -2.35
10 28.20 -1.10
11 -23.15 4.00
4 16.30 -5.40
9 -36.30 1.05
13 -3.10 5.35
8 16.60 -1.45
12 -35.15 4.85
11 20.00 5.55
9 6.05 -0.80
9 12.85 4.35
7 15.25 -1.10
10 -26.75 0.55
8 -0.05 0.30
10 -9.30 7.35
9 -9.65 -0.20
10 30.80 5.65
8 -29.55 1.45
9 -15.25 6.25
7 -5.35 -2.20
11 -1.35 5.05
10 29.80 -1.80
7 -22.65 -4.60
11 -28.95 5.30
10 -0.80 1.30
6 16.80 0.85
8 8.00 4.90
6 16.25 -4.00
5 -24.00 3.50
7 -4.65 3.45
8 11.50 7.95
9 6.70 3.75
2 -4.60 -4.25
9 26.95 3.10
9 9.10 7.00
10 34.65 5.95
12 -12.10 5.80
10 7.65 1.85
10 24.00 1.15
9 -22.85 -4.20
12 28.95 1.90
6 -26.90 -1.65
7 -7.40 1.90
10 13.50 3.40
8 24.80 3.90
11 -28.10 7.70
9 23.20 1.65
10 -18.95 0.60
9 32.45 2.35
10 12.90 -3.20
9 -31.35 -0.85
13 -6.20 -0.35
6 32.20 7.25
8 17.65 1.00
10 21.80 -2.75
9 9.70 5.75
10 -28.00 2.55
8 -29.15 -1.60
8 14.70 2.30
10 28.45 0.55
10 30.35 1.80
12 -34.50 0.05
10 -6.00 -1.65
9 -27.00 7.65
10 16.60 2.65
10 -10.60 2.55
8 -27.55 0.85
9 13.20 1.30
6 -17.65 6.75
9 30.25 5.30
10 -35.35 5.50
11 29.20 -0.15
8 26.70 5.15
9 29.45 6.70
9 -30.50 5.35
8 -7.30 4.90
7 -22.45 3.20
9 -7.50 -1.00
9 9.90 5.75
9 -5.45 6.40
11 -11.90 4.45
5 -4.80 8.20
11 12.85 -2.35
9 -36.20 1.05
6 9.70 9.95
8 -13.15 5.55
15 21.95 -2.15
8 24.30 2.50
11 34.95 -0.85
7 4.25 -1.95
8 2.25 1.25
10 10.10 -1.45
11 -13.70 2.55
9 -13.10 5.70
7 -24.05 6.00
9 17.20 -0.15
5 34.55 9.50
8 10.10 -1.15
12 -29.40 2.45
6 19.45 1.95
10 -27.55 -0.30
8 15.50 6.45
13 -0.30 2.30
7 24.75 3.75
5 33.45 -1.10
9 -2.90 4.05
9 2.95 -0.75
7 28.05 8.35
6 -0.75 9.30
9 4.65 3.15
10 -21.70 -4.15
8 -30.05 -2.25
6 -28.10 3.65
11 35.85 7.30
9 -25.00 5.10
9 21.60 4.00
3 18.40 8.65
9 -7.05 4.40
13 -24.45 5.20
10 1.00 5.30
8 4.80 5.45
7 -16.40 0.15
11 32.65 3.80
8 3.15 3.75
6 13.75 -0.60
9 10.80 6.70
8 -30.35 4.20
7 -4.25 8.20
9 15.00 2.25
8 -22.25 6.30
7 -23.65 -1.60
10 -1.15 6.30
6 2.25 0.90
9 3.30 -0.15
9 29.60 3.90
12 10.60 6.75
8 14.90 1.95
6 24.60 7.50
8 -28.10 5.45
12 -3.70 6.80
6 3.60 1.75
8 26.35 4.55
8 -23.35 5.85
9 -29.20 0.05
7 26.30 0.45
5 -8.80 -4.95
10 0.15 1.40
10 -34.95 7.00
13 28.85 2.90
10 -15.50 8.05
10 -22.35 7.60
8 4.55 -0.80
6 -11.95 9.65
6 -30.70 0.05
7 2.15 6.45
7 -1.90 9.00
8 14.45 1.80
8 -32.60 4.90
11 -34.80 7.30
3 -21.70 -2.85
9 -31.90 3.45
4 4.30 8.05
10 -28.90 5.80
7 18.55 4.45
10 31.25 6.55
10 0.10 6.05
9 13.85 1.60
11 -26.95 6.80
4 -19.80 8.35
9 14.55 -2.10
9 -30.55 7.10
6 -16.25 7.85
6 -19.85 5.15
9 13.25 4.20
7 -27.30 -3.75
5 7.75 7.20
9 -25.40 4.75
14 30.90 -1.70
11 -15.90 3.30
10 -22.50 5.10
9 0.95 1.50
10 9.25 6.95
8 0.40 6.10
6 14.80 7.15
12 -1.10 -2.20
10 -21.35 -0.95
6 26.45 8.75
10 20.40 5.20
8 -23.50 8.85
10 -25.05 6.25
10 33.15 2.65
12 -3.50 6.05
7 36.80 4.90
13 -2.65 7.25
6 -36.60 1.20
12 11.65 -3.30
7 16.70 0.70
8 17.85 0.35
9 7.50 6.35
11 35.20 5.25
5 -1.75 9.80
12 20.25 4.25
13 -9.55 7.10
6 13.45 -4.00
4 -33.50 8.95
12 32.50 5.50
10 10.30 8.00
5 18.45 -0.70
10 7.85 6.75
9 10.15 6.05
5 11.75 7.95
8 0.85 6.65
9 27.15 1.25
8 -2.30 1.50
11 -20.90 2.70
6 23.05 7.30
7 9.60 2.60
9 18.60 4.70
8 -11.85 2.20
10 23.20 4.35
8 -19.80 3.25
9 -1.25 8.20
5 -37.30 0.40
11 -27.80 1.40
10 24.25 0.60
8 -30.15 1.55
6 -31.15 8.10
9 23.75 4.05
6 -26.00 8.75
8 -34.95 -2.60
6 27.65 -1.30
10 -23.25 2.70
9 25.60 4.15
11 31.60 6.35
11 19.15 3.55
11 22.70 5.90
6 6.00 5.30
4 -18.05 3.90
5 15.10 7.90
9 10.50 8.50
13 22.15 -2.20
11 -22.80 1.85
9 -27.70 5.75
9 35.15 5.90
10 0.75 2.20
7 12.45 5.90
14 -34.15 5.05
13 4.90 4.50
13 12.40 -3.20
12 -24.20 8.75
4 -28.25 9.30
8 22.40 3.50
10 -18.40 -0.20
11 -5.95 6.60
10 -14.20 2.50
10 -3.65 5.45
11 24.80 2.10
9 15.05 1.55
8 15.00 4.45
7 11.20 0.70
14 -10.15 7.50
8 29.05 4.45
8 13.65 3.25
12 -10.75 6.90
9 24.10 6.15
8 6.60 0.65
10 -0.60 0.50
10 36.75 0.55
8 -17.40 -0.75
9 -29.65 -2.50
10 4.20 -0.90
13 -27.50 6.30
10 22.70 -2.70
8 -30.50 -2.35
6 -13.45 -1.45
3 35.40 9.45
11 30.10 6.05
10 8.15 0.55
9 7.05 1.60
5 32.45 -0.15
11 -5.15 4.65
7 -31.00 7.90
10 12.90 4.20
10 30.00 -0.65
7 2.85 -1.05
5 16.65 -4.10
8 12.00 0.50
9 -19.55 2.15
5 14.45 7.25
11 34.70 6.50
7 24.05 -1.90
8 -30.25 0.10
7 19.85 8.70
11 -25.30 -0.75
6 15.90 3.25
9 -10.95 -0.05
7 -10.40 9.25
8 12.65 3.20
9 -3.85 5.55
4 8.00 -2.40
12 -24.50 4.50
12 -35.00 5.85
10 -2.15 -1.15
8 35.20 -1.95
4 14.20 -0.20
5 -28.00 -5.70
8 -20.50 5.15
10 8.75 7.95
9 20.75 -0.95
7 36.40 4.95
12 -9.15 -1.05
9 -4.65 -2.50
10 36.40 0.50
7 25.90 8.30
7 11.90 9.30
11 29.60 6.55
8 -23.05 -4.25
9 -28.50 -3.20
7 25.40 5.40
7 -23.95 -2.85
8 10.85 6.00
14 10.25 7.65
12 -18.25 0.60
11 -2.00 0.35
10 9.10 -1.70
6 28.15 -2.70
9 35.20 2.65
5 -8.90 -4.30
8 35.10 5.65
11 6.20 0.20
7 -34.75 3.40
9 23.25 0.35
7 -17.65 3.45
8 -13.20 7.05
6 -14.30 2.90
11 4.05 4.05
9 30.20 -0.40
6 -35.85 -2.40
6 2.35 0.90
11 36.40 -0.15
9 25.50 0.60
12 3.65 -1.30
10 -24.10 -2.05
8 -28.00 1.95
4 -26.70 3.55
13 -9.75 1.10
7 14.90 -2.25
16 -34.80 -0.15
10 -28.95 1.90
11 -25.65 5.70
10 -31.15 4.20
5 18.70 8.20
16 -15.90 6.60
18 -24.10 4.80
2 -21.65 -2.80
5 4.90 2.90
11 21.20 -1.25
10 -28.30 0.35
10 -34.10 4.45
10 -1.35 0.60
7 -31.45 1.75
3 9.40 10.40
3 35.20 9.00
9 -1.20 3.85
15 -30.25 -1.10
11 4.45 3.80
4 -18.65 -1.55
8 -9.15 -3.60
12 -11.00 8.45
9 10.25 8.70
8 8.60 -0.10
10 30.95 -1.50
9 23.85 0.55
9 -8.80 7.65
12 -17.00 1.40
5 23.45 7.15
4 -34.10 9.25
8 31.85 2.85
9 -7.80 6.60
11 -15.25 2.05
9 29.30 4.25
7 11.60 0.80
12 23.55 5.45
14 -2.40 5.60
11 -2.05 -1.80
6 31.20 -3.35
8 -29.30 -1.60
4365
0 22 
0 153 
0 245 
0 450 
0 451 
0 591 
0 762 
0 773 
0 861 
0 916 
1 78 
1 175 
1 181 
1 291 
1 497 
1 534 
1 792 
1 986 
1 1000 
2 527 
2 637 
2 654 
2 725 
2 800 
2 931 
3 133 
3 212 
3 242 
3 281 
3 342 
3 439 
3 564 
3 694 
3 868 
3 895 
4 40 
4 305 
4 366 
4 373 
4 391 
4 617 
4 846 
4 915 
4 968 
5 340 
5 432 
5 465 
5 813 
5 823 
5 922 
6 31 
6 122 
6 266 
6 314 
6 364 
6 547 
6 581 
6 925 
6 960 
7 255 
7 340 
7 432 
7 465 
7 790 
7 823 
7 922 
8 30 
8 92 
8 121 
8 142 
8 487 
8 495 
8 679 
8 778 
8 832 
8 909 
9 131 
9 232 
9 353 
9 434 
9 448 
9 537 
9 624 
9 704 
9 766 
9 885 
10 13 
10 258 
10 374 
10 389 
10 396 
10 455 
10 461 
10 463 
10 831 
11 157 
11 273 
11 319 
11 363 
11 436 
11 481 
11 744 
11 783 
11 921 
12 168 
12 288 
12 460 
12 590 
12 749 
12 763 
12 876 
12 995 
13 258 
13 374 
13 389 
13 455 
13 652 
13 831 
13 892 
13 985 
14 48 
14 69 
14 263 
14 302 
14 415 
14 784 
14 961 
15 129 
15 280 
15 391 
15 610 
15 733 
15 804 
15 968 
16 61 
16 125 
16 162 
16 500 
16 561 
16 793 
16 869 
17 23 
17 47 
17 67 
17 350 
17 562 
17 611 
17 736 
17 883 
17 889 
18 225 
18 265 
18 418 
18 475 
18 598 
18 629 
18 817 
18 875 
18 988 
18 993 
19 173 
19 193 
19 327 
19 339 
19 379 
19 799 
19 917 
19 926 
19 999 
20 28 
20 60 
20 357 
20 517 
20 519 
20 542 
20 721 
20 799 
20 899 
20 956 
21 84 
21 127 
21 140 
21 143 
21 265 
21 489 
21 592 
22 224 
22 245 
22 368 
22 450 
22 591 
22 785 
22 819 
22 841 
22 896 
23 67 
23 162 
23 170 
23 375 
23 611 
23 736 
23 869 
23 994 
24 182 
24 382 
24 398 
24 606 
24 642 
24 900 
25 80 
25 580 
25 594 
25 598 
25 694 
25 742 
25 754 
25 868 
26 55 
26 160 
26 223 
26 317 
26 377 
26 394 
26 435 
26 674 
26 759 
27 151 
27 247 
27 295 
27 516 
27 660 
27 678 
27 843 
27 865 
28 60 
28 173 
28 320 
28 519 
28 525 
28 799 
28 917 
28 999 
29 136 
29 239 
29 533 
29 772 
29 775 
29 861 
29 945 
29 965 
29 973 
30 121 
30 166 
30 290 
30 493 
30 679 
30 743 
30 873 
31 144 
31 266 
31 407 
31 549 
31 560 
31 581 
31 630 
31 910 
31 960 
32 102 
32 124 
32 214 
32 345 
32 362 
32 393 
32 663 
32 737 
32 805 
32 941 
33 158 
33 234 
33 384 
33 551 
33 588 
33 652 
33 880 
33 893 
33 970 
34 194 
34 303 
34 328 
34 336 
34 850 
34 907 
35 104 
35 186 
35 303 
35 424 
35 850 
35 879 
35 990 
35 997 
36 253 
36 289 
36 324 
36 378 
36 563 
36 662 
36 800 
36 867 
36 883 
36 981 
37 234 
37 448 
37 453 
37 588 
37 612 
37 624 
37 880 
37 892 
37 944 
37 985 
38 75 
38 86 
38 93 
38 244 
38 442 
38 532 
38 604 
38 829 
38 835 
39 56 
39 285 
39 399 
39 465 
39 646 
39 735 
39 813 
39 823 
39 862 
40 373 
40 391 
40 643 
40 733 
40 794 
40 915 
40 968 
41 66 
41 85 
41 241 
41 309 
41 343 
41 388 
41 437 
41 467 
41 713 
41 963 
42 159 
42 276 
42 369 
42 479 
42 585 
42 621 
42 812 
42 822 
42 923 
42 971 
43 80 
43 254 
43 337 
43 550 
43 580 
43 723 
43 808 
43 815 
43 836 
44 45 
44 53 
44 180 
44 321 
44 326 
44 344 
44 651 
44 948 
45 59 
45 321 
45 344 
45 633 
45 708 
45 764 
45 948 
45 967 
46 166 
46 298 
46 433 
46 471 
46 487 
46 518 
46 640 
46 668 
46 679 
46 811 
47 177 
47 266 
47 360 
47 549 
47 581 
47 889 
47 910 
47 982 
48 263 
48 274 
48 415 
48 507 
48 595 
48 621 
49 81 
49 246 
49 250 
49 358 
49 540 
49 566 
49 639 
49 717 
49 828 
49 978 
50 161 
50 507 
50 664 
50 697 
50 739 
50 784 
50 863 
50 919 
50 961 
51 174 
51 179 
51 221 
51 252 
51 253 
51 289 
51 323 
51 428 
51 800 
52 68 
52 118 
52 191 
52 779 
52 820 
52 848 
53 149 
53 256 
53 257 
53 326 
53 651 
53 695 
53 700 
53 708 
54 311 
54 423 
54 430 
54 653 
54 759 
54 839 
54 871 
54 946 
54 955 
54 987 
55 435 
55 445 
55 511 
55 590 
55 648 
55 655 
55 763 
55 827 
56 255 
56 399 
56 465 
56 571 
56 584 
56 735 
56 776 
56 851 
56 862 
57 99 
57 223 
57 240 
57 430 
57 616 
57 636 
57 686 
57 845 
57 940 
58 122 
58 526 
58 541 
58 547 
58 666 
58 677 
58 925 
59 297 
59 321 
59 334 
59 344 
59 633 
59 764 
59 786 
59 967 
60 320 
60 402 
60 519 
60 525 
60 542 
60 628 
60 799 
60 881 
61 170 
61 198 
61 261 
61 421 
61 500 
61 561 
61 793 
61 947 
61 994 
62 73 
62 199 
62 383 
62 521 
62 529 
62 577 
62 810 
63 150 
63 505 
63 645 
63 740 
63 750 
63 821 
63 825 
63 854 
63 935 
63 936 
64 248 
64 409 
64 765 
64 803 
64 864 
65 88 
65 114 
65 238 
65 485 
65 488 
65 589 
65 678 
65 857 
65 886 
66 85 
66 343 
66 437 
66 467 
66 494 
66 638 
66 727 
66 741 
67 375 
67 405 
67 611 
67 707 
67 869 
67 889 
67 994 
68 118 
68 141 
68 192 
68 667 
68 779 
68 820 
68 848 
69 263 
69 412 
69 415 
69 507 
69 595 
69 621 
69 626 
70 102 
70 118 
70 169 
70 214 
70 228 
70 408 
70 582 
70 737 
70 992 
71 218 
71 275 
71 297 
71 334 
71 764 
71 786 
71 967 
72 220 
72 401 
72 449 
72 510 
72 556 
72 579 
72 789 
72 920 
72 932 
73 199 
73 372 
73 529 
73 577 
73 587 
73 664 
73 697 
73 863 
74 77 
74 219 
74 296 
74 377 
74 385 
74 445 
74 655 
74 675 
74 763 
75 86 
75 95 
75 442 
75 573 
75 604 
75 608 
75 829 
75 902 
76 132 
76 195 
76 216 
76 367 
76 429 
76 601 
76 641 
76 670 
76 693 
76 824 
77 296 
77 435 
77 484 
77 545 
77 655 
77 674 
77 675 
77 686 
78 175 
78 181 
78 307 
78 352 
78 497 
78 792 
78 986 
78 1000 
79 116 
79 370 
79 399 
79 578 
79 724 
79 735 
79 738 
79 862 
79 980 
80 395 
80 550 
80 594 
80 620 
80 806 
80 808 
80 870 
80 913 
80 998 
81 100 
81 402 
81 540 
81 628 
81 761 
81 881 
81 938 
81 974 
82 190 
82 283 
82 491 
82 498 
82 687 
82 752 
82 801 
82 879 
82 928 
82 933 
83 171 
83 297 
83 319 
83 348 
83 416 
83 436 
83 481 
83 513 
83 607 
84 127 
84 256 
84 265 
84 406 
84 508 
84 592 
84 817 
84 878 
85 89 
85 309 
85 467 
85 494 
85 671 
85 713 
86 112 
86 442 
86 604 
86 608 
86 829 
86 835 
86 902 
87 106 
87 110 
87 189 
87 359 
87 491 
87 528 
87 553 
87 688 
87 891 
87 930 
88 114 
88 280 
88 485 
88 488 
88 589 
88 804 
88 886 
88 964 
89 268 
89 309 
89 437 
89 494 
89 671 
89 727 
89 838 
89 958 
89 959 
90 91 
90 117 
90 262 
90 365 
90 438 
90 659 
90 702 
90 718 
90 834 
90 842 
91 365 
91 438 
91 459 
91 842 
91 847 
91 871 
92 121 
92 142 
92 292 
92 376 
92 400 
92 410 
92 495 
92 716 
92 873 
93 167 
93 278 
93 294 
93 354 
93 442 
93 617 
93 691 
93 829 
94 204 
94 313 
94 470 
94 506 
94 569 
94 627 
94 656 
94 908 
95 112 
95 442 
95 492 
95 531 
95 573 
95 604 
95 608 
95 835 
96 98 
96 197 
96 400 
96 410 
96 457 
96 716 
96 798 
96 853 
96 860 
96 903 
97 269 
97 300 
97 468 
97 483 
97 878 
97 911 
97 948 
97 983 
98 197 
98 264 
98 376 
98 457 
98 505 
98 625 
98 788 
98 860 
98 897 
99 175 
99 181 
99 240 
99 291 
99 497 
99 534 
99 636 
99 792 
99 940 
99 1000 
100 358 
100 402 
100 501 
100 628 
100 639 
100 717 
100 795 
100 859 
101 161 
101 206 
101 425 
101 469 
101 577 
101 706 
101 712 
101 874 
101 901 
101 996 
102 214 
102 228 
102 331 
102 393 
102 663 
102 737 
102 805 
102 992 
103 255 
103 432 
103 465 
103 535 
104 186 
104 303 
104 424 
104 443 
104 462 
104 850 
104 990 
105 122 
105 236 
105 526 
105 541 
105 547 
105 666 
105 677 
105 925 
106 189 
106 491 
106 528 
106 553 
106 688 
106 891 
106 930 
107 148 
107 215 
107 349 
107 414 
107 440 
107 567 
107 705 
107 755 
108 217 
108 332 
108 504 
108 574 
108 658 
108 682 
108 771 
108 781 
108 877 
108 912 
109 211 
109 262 
109 330 
109 512 
109 623 
109 802 
109 816 
109 834 
109 866 
110 128 
110 359 
110 491 
110 539 
110 688 
110 876 
110 891 
110 930 
111 267 
111 299 
111 369 
111 482 
111 514 
111 669 
111 701 
111 887 
112 354 
112 442 
112 573 
112 604 
112 829 
112 835 
112 902 
113 208 
113 267 
113 299 
113 482 
113 669 
113 701 
113 855 
113 887 
114 238 
114 753 
114 782 
114 791 
114 857 
114 886 
114 964 
115 153 
115 451 
115 538 
115 622 
115 685 
115 762 
115 773 
115 916 
116 370 
116 384 
116 551 
116 724 
116 738 
116 862 
116 950 
117 262 
117 330 
117 443 
117 659 
117 718 
117 834 
117 866 
118 141 
118 408 
118 554 
118 582 
118 631 
118 684 
118 779 
118 820 
118 848 
118 891 
119 135 
119 204 
119 313 
119 315 
119 470 
119 477 
119 627 
119 908 
120 144 
120 203 
120 380 
120 405 
120 407 
120 447 
120 560 
120 680 
120 695 
121 142 
121 290 
121 376 
121 400 
121 493 
121 576 
121 909 
122 266 
122 341 
122 630 
122 692 
122 925 
122 982 
123 165 
123 441 
123 474 
123 502 
123 570 
123 703 
123 882 
123 918 
123 927 
124 214 
124 345 
124 362 
124 737 
124 805 
124 814 
124 941 
125 170 
125 375 
125 596 
125 707 
125 793 
125 869 
125 994 
126 239 
126 420 
126 555 
126 619 
126 622 
126 676 
126 698 
126 809 
126 945 
126 973 
127 143 
127 149 
127 256 
127 265 
127 406 
127 489 
127 592 
127 695 
128 189 
128 283 
128 288 
128 293 
128 338 
128 446 
128 491 
128 528 
128 687 
129 138 
129 213 
129 280 
129 610 
129 709 
129 733 
129 757 
129 804 
129 964 
130 163 
130 209 
130 254 
130 361 
130 635 
130 734 
130 746 
130 797 
130 826 
131 202 
131 232 
131 434 
131 721 
131 748 
131 885 
131 956 
132 210 
132 216 
132 340 
132 649 
132 670 
132 693 
132 796 
133 212 
133 281 
133 342 
133 439 
133 499 
133 564 
133 644 
133 732 
134 337 
134 580 
134 594 
134 694 
134 754 
134 868 
135 196 
135 204 
135 473 
135 681 
135 715 
135 838 
135 972 
136 241 
136 279 
136 286 
136 388 
136 741 
136 775 
136 840 
136 965 
136 975 
137 159 
137 208 
137 369 
137 514 
137 701 
137 855 
137 923 
137 946 
137 971 
138 176 
138 213 
138 295 
138 488 
138 589 
138 709 
138 804 
138 864 
139 183 
139 193 
139 222 
139 327 
139 466 
139 634 
139 666 
139 677 
139 926 
140 200 
140 281 
140 406 
140 439 
140 690 
140 732 
141 191 
141 192 
141 779 
141 820 
141 848 
142 290 
142 376 
142 576 
142 679 
142 873 
143 180 
143 257 
143 380 
143 447 
143 651 
143 695 
144 203 
144 364 
144 417 
144 680 
144 833 
144 960 
145 158 
145 234 
145 384 
145 551 
145 588 
145 652 
145 880 
145 893 
145 944 
146 190 
146 270 
146 498 
146 528 
146 722 
146 801 
146 928 
147 249 
147 452 
147 600 
147 654 
147 725 
147 931 
148 154 
148 201 
148 333 
148 575 
148 747 
148 953 
149 180 
149 256 
149 257 
149 447 
149 651 
149 695 
150 210 
150 649 
150 750 
150 796 
150 821 
150 854 
150 922 
150 936 
150 984 
151 238 
151 386 
151 597 
151 638 
151 660 
151 753 
151 777 
151 857 
151 886 
152 225 
152 269 
152 300 
152 767 
152 911 
152 983 
153 451 
153 538 
153 565 
153 591 
153 762 
153 773 
153 819 
153 991 
154 215 
154 333 
154 440 
154 559 
154 575 
154 705 
155 211 
155 276 
155 479 
155 543 
155 558 
155 603 
155 668 
155 714 
155 812 
155 849 
156 217 
156 471 
156 544 
156 682 
156 739 
156 751 
156 771 
156 781 
156 872 
156 919 
157 319 
157 348 
157 392 
157 416 
157 436 
157 481 
157 513 
158 258 
158 374 
158 396 
158 427 
158 455 
158 646 
158 652 
158 893 
159 479 
159 514 
159 585 
159 701 
159 855 
159 923 
160 435 
160 445 
160 511 
160 590 
160 648 
160 655 
160 763 
160 827 
161 199 
161 425 
161 469 
161 577 
161 697 
161 706 
161 712 
162 170 
162 207 
162 322 
162 421 
162 500 
162 531 
162 736 
163 254 
163 351 
163 609 
163 734 
163 746 
163 780 
163 797 
164 204 
164 313 
164 470 
164 490 
164 506 
164 569 
164 627 
164 908 
165 282 
165 335 
165 441 
165 570 
165 703 
165 882 
165 918 
165 927 
165 954 
166 290 
166 471 
166 576 
166 679 
166 743 
166 751 
167 188 
167 278 
167 354 
167 442 
167 617 
167 829 
167 846 
167 856 
168 338 
168 445 
168 446 
168 460 
168 590 
168 749 
168 763 
168 876 
168 995 
169 219 
169 385 
169 460 
169 554 
169 749 
169 992 
169 995 
170 421 
170 500 
170 561 
170 793 
170 989 
170 994 
171 297 
171 319 
171 416 
171 436 
171 481 
171 513 
171 607 
171 967 
172 609 
172 769 
172 826 
173 193 
173 327 
173 339 
173 525 
173 799 
173 917 
173 926 
173 999 
174 179 
174 188 
174 315 
174 431 
174 470 
174 572 
174 846 
174 856 
175 181 
175 291 
175 352 
175 534 
175 792 
176 247 
176 295 
176 488 
176 589 
176 843 
176 864 
177 266 
177 341 
177 356 
177 360 
177 549 
177 562 
177 942 
177 982 
178 318 
178 381 
178 474 
178 502 
178 807 
178 882 
178 924 
178 927 
178 941 
179 188 
179 221 
179 252 
179 431 
179 572 
179 846 
179 856 
180 326 
180 447 
180 651 
180 695 
180 700 
180 708 
181 291 
181 352 
181 497 
181 636 
181 792 
181 1000 
182 382 
182 398 
182 412 
182 415 
182 422 
182 606 
182 642 
182 900 
183 193 
183 312 
183 346 
183 397 
183 466 
183 634 
183 666 
183 677 
184 243 
184 301 
184 351 
184 472 
184 501 
184 734 
184 859 
184 978 
185 194 
185 328 
185 336 
185 419 
185 623 
185 907 
186 303 
186 424 
186 752 
186 830 
186 850 
186 879 
186 997 
187 362 
187 381 
187 650 
187 728 
187 807 
187 814 
187 904 
187 924 
187 943 
188 221 
188 323 
188 354 
188 572 
188 691 
188 846 
189 359 
189 491 
189 528 
189 539 
189 688 
189 930 
190 270 
190 491 
190 498 
190 528 
190 722 
190 928 
191 192 
191 667 
191 779 
191 820 
191 848 
191 904 
192 316 
192 779 
192 820 
192 848 
193 312 
193 339 
193 466 
193 522 
193 525 
193 917 
193 938 
193 999 
194 328 
194 336 
194 419 
194 623 
194 802 
194 907 
194 966 
195 216 
195 367 
195 396 
195 427 
195 455 
195 601 
195 641 
195 670 
195 693 
196 473 
196 477 
196 627 
196 715 
196 838 
196 958 
196 972 
197 264 
197 376 
197 505 
197 625 
197 658 
197 788 
197 860 
197 897 
198 261 
198 421 
198 500 
198 515 
198 586 
198 793 
198 852 
198 947 
199 206 
199 383 
199 577 
199 706 
199 712 
199 810 
199 863 
199 939 
200 212 
200 732 
200 993 
201 272 
201 333 
201 440 
201 517 
201 542 
201 705 
201 748 
202 333 
202 353 
202 517 
202 748 
202 766 
202 885 
202 899 
202 956 
203 364 
203 407 
203 417 
203 560 
203 680 
203 960 
204 473 
204 569 
204 627 
204 656 
204 715 
205 236 
205 364 
205 397 
205 417 
205 520 
205 526 
205 541 
205 657 
206 306 
206 325 
206 425 
206 503 
206 577 
206 939 
207 322 
207 500 
207 531 
207 563 
207 867 
207 883 
207 937 
207 989 
208 267 
208 299 
208 369 
208 482 
208 514 
208 669 
208 701 
208 887 
209 246 
209 620 
209 635 
209 746 
209 780 
209 978 
209 998 
210 649 
210 740 
210 750 
210 821 
210 922 
210 936 
211 543 
211 558 
211 603 
211 714 
211 730 
211 802 
211 816 
211 849 
211 866 
212 281 
212 439 
212 598 
212 690 
212 694 
212 732 
212 868 
213 280 
213 610 
213 733 
213 757 
213 804 
213 968 
214 228 
214 345 
214 393 
214 663 
214 805 
214 992 
215 333 
215 349 
215 414 
215 559 
215 567 
215 575 
216 367 
216 429 
216 509 
216 750 
216 824 
217 493 
217 673 
217 682 
217 743 
217 751 
217 872 
218 275 
218 297 
218 334 
218 764 
218 786 
218 967 
219 445 
219 460 
219 484 
219 655 
219 675 
219 763 
220 227 
220 401 
220 449 
220 510 
220 579 
220 593 
220 789 
220 920 
220 932 
221 315 
221 428 
221 431 
221 572 
221 856 
222 236 
222 312 
222 346 
222 397 
222 466 
222 526 
222 666 
222 677 
223 233 
223 435 
223 616 
223 674 
223 686 
223 759 
223 827 
223 845 
224 245 
224 368 
224 386 
224 597 
224 660 
224 785 
224 841 
224 896 
225 269 
225 475 
225 480 
225 629 
225 817 
225 875 
225 878 
225 911 
225 983 
225 988 
226 227 
226 428 
226 449 
226 486 
226 490 
226 506 
226 593 
226 745 
226 908 
226 957 
227 401 
227 486 
227 490 
227 506 
227 593 
227 908 
227 934 
227 957 
228 331 
228 554 
228 663 
228 737 
228 805 
229 243 
229 250 
229 301 
229 472 
229 635 
229 717 
229 734 
229 859 
229 978 
230 246 
230 454 
230 620 
230 635 
230 746 
230 806 
230 870 
231 389 
231 461 
231 463 
231 469 
231 574 
231 874 
231 901 
231 996 
232 353 
232 434 
232 537 
232 704 
232 766 
232 885 
232 956 
233 240 
233 430 
233 616 
233 636 
233 674 
233 686 
233 940 
234 453 
234 588 
234 612 
234 652 
234 892 
234 893 
234 944 
235 507 
235 587 
235 664 
235 697 
235 739 
235 784 
235 863 
235 961 
236 314 
236 397 
236 520 
236 657 
236 666 
236 692 
237 479 
237 514 
237 585 
237 701 
237 855 
237 923 
237 971 
238 485 
238 638 
238 777 
238 782 
238 886 
239 279 
239 555 
239 622 
239 685 
239 861 
239 916 
239 973 
240 497 
240 616 
240 636 
240 845 
240 940 
241 286 
241 388 
241 390 
241 467 
241 632 
241 713 
241 840 
241 963 
241 975 
242 690 
242 732 
242 868 
242 993 
243 246 
243 250 
243 301 
243 540 
243 566 
243 635 
243 717 
244 273 
244 278 
244 294 
244 319 
244 392 
244 568 
244 787 
245 368 
245 450 
245 591 
245 597 
245 785 
245 841 
245 896 
246 250 
246 552 
246 635 
246 720 
246 978 
247 295 
247 488 
247 589 
247 660 
247 678 
247 782 
247 843 
247 865 
248 295 
248 409 
248 426 
248 583 
248 765 
248 803 
248 864 
249 260 
249 496 
249 546 
249 600 
250 540 
250 552 
250 566 
250 717 
250 720 
250 828 
250 978 
251 280 
251 610 
251 729 
251 733 
251 915 
251 968 
252 289 
252 378 
252 800 
252 856 
253 289 
253 378 
253 572 
253 800 
254 550 
254 723 
254 746 
254 770 
254 780 
254 808 
254 836 
255 432 
255 465 
255 535 
255 571 
255 776 
256 257 
256 651 
256 695 
256 878 
257 300 
257 700 
257 708 
257 878 
258 374 
258 396 
258 427 
258 455 
258 613 
258 652 
258 831 
259 476 
259 478 
259 524 
259 530 
259 599 
259 665 
259 726 
259 884 
259 888 
259 979 
260 387 
260 452 
260 527 
260 600 
260 637 
260 654 
260 725 
261 421 
261 492 
261 500 
261 531 
261 852 
261 947 
261 989 
262 330 
262 443 
262 462 
262 512 
262 730 
262 834 
262 842 
263 302 
263 595 
263 784 
264 457 
264 504 
264 505 
264 625 
264 788 
264 860 
264 897 
264 912 
265 475 
265 480 
265 629 
265 817 
265 875 
265 878 
266 547 
266 549 
266 562 
266 581 
266 630 
266 910 
266 925 
267 482 
267 514 
267 605 
267 701 
267 855 
267 887 
267 905 
268 473 
268 477 
268 627 
268 715 
268 838 
268 958 
268 972 
269 403 
269 480 
269 483 
269 767 
269 875 
269 983 
270 498 
270 722 
270 801 
270 928 
271 284 
271 478 
271 524 
271 530 
271 536 
271 555 
271 619 
271 676 
271 698 
271 962 
272 440 
272 501 
272 542 
272 705 
272 747 
272 795 
272 859 
272 953 
273 319 
273 363 
273 392 
273 568 
273 744 
273 787 
274 302 
274 398 
274 595 
274 621 
274 626 
274 710 
274 811 
275 297 
275 321 
275 334 
275 344 
275 586 
275 633 
275 764 
275 967 
276 369 
276 479 
276 585 
276 822 
276 923 
276 971 
277 449 
277 546 
277 593 
277 654 
277 745 
277 931 
277 957 
278 294 
278 532 
278 568 
278 691 
278 829 
278 921 
279 533 
279 772 
279 775 
279 861 
279 945 
279 965 
279 973 
280 305 
280 733 
280 804 
280 915 
280 964 
280 968 
281 690 
281 732 
281 868 
281 895 
282 441 
282 570 
282 703 
282 918 
282 954 
283 293 
283 413 
283 491 
283 498 
283 687 
283 756 
283 847 
283 933 
284 308 
284 420 
284 536 
284 602 
284 619 
284 676 
284 698 
284 809 
284 962 
285 427 
285 509 
285 641 
285 646 
285 813 
285 851 
286 388 
286 390 
286 632 
286 713 
286 906 
286 963 
286 975 
287 649 
287 750 
287 796 
287 821 
287 854 
287 922 
287 936 
287 984 
288 293 
288 511 
288 590 
288 876 
288 995 
289 378 
289 572 
289 800 
290 433 
290 673 
290 679 
290 743 
290 751 
290 909 
291 307 
291 497 
291 792 
292 376 
292 400 
292 410 
292 495 
292 716 
292 798 
292 873 
293 338 
293 413 
293 446 
293 491 
293 511 
293 687 
293 756 
294 391 
294 532 
294 568 
294 617 
294 794 
294 921 
295 409 
295 488 
295 589 
295 678 
295 803 
295 843 
295 864 
296 329 
296 331 
296 458 
296 484 
296 545 
296 675 
296 898 
296 951 
297 607 
297 633 
297 683 
297 764 
297 967 
298 433 
298 471 
298 668 
298 710 
298 812 
298 872 
299 482 
299 605 
299 669 
299 701 
299 855 
299 887 
299 905 
300 468 
300 480 
300 651 
300 875 
300 878 
300 948 
300 983 
301 472 
301 501 
301 540 
301 717 
301 761 
301 795 
301 859 
302 415 
302 507 
302 595 
302 621 
302 626 
303 443 
303 462 
303 512 
303 830 
303 997 
304 454 
304 499 
304 548 
304 552 
304 564 
304 720 
304 895 
305 366 
305 610 
305 733 
305 791 
305 968 
306 325 
306 503 
306 706 
306 712 
306 939 
306 985 
307 329 
307 444 
307 458 
307 792 
307 894 
307 898 
307 951 
308 478 
308 602 
308 615 
308 676 
308 844 
308 952 
308 962 
309 437 
309 467 
309 713 
309 838 
309 963 
310 325 
310 448 
310 503 
310 706 
310 939 
310 985 
311 430 
311 514 
311 839 
311 905 
311 946 
311 987 
312 327 
312 466 
312 634 
312 666 
312 677 
312 926 
313 315 
313 470 
313 490 
313 506 
314 364 
314 397 
314 526 
314 657 
314 692 
314 960 
315 323 
315 428 
315 431 
315 470 
315 908 
316 667 
316 779 
316 820 
316 848 
317 423 
317 438 
317 459 
317 648 
317 827 
317 871 
317 955 
318 362 
318 381 
318 474 
318 502 
318 807 
318 814 
318 924 
318 941 
319 392 
319 416 
319 436 
319 787 
319 921 
320 339 
320 519 
320 525 
320 799 
320 917 
320 938 
320 974 
320 999 
321 344 
321 468 
321 633 
321 700 
321 708 
321 948 
322 492 
322 531 
322 563 
322 662 
322 867 
322 937 
322 989 
323 431 
323 572 
323 846 
323 856 
324 492 
324 531 
324 608 
324 662 
324 867 
324 902 
324 937 
325 425 
325 503 
325 706 
325 712 
325 914 
325 939 
325 985 
326 447 
326 596 
326 651 
326 695 
326 700 
326 708 
327 379 
327 522 
327 634 
327 647 
328 336 
328 424 
328 623 
328 802 
328 830 
328 850 
329 444 
329 458 
329 792 
329 894 
329 898 
329 951 
329 986 
330 462 
330 512 
330 842 
330 866 
330 997 
331 458 
331 663 
331 675 
331 805 
331 992 
332 625 
332 658 
332 682 
332 877 
332 897 
332 912 
333 349 
333 705 
333 747 
333 755 
333 953 
334 607 
334 633 
334 764 
334 967 
335 441 
335 570 
335 703 
335 918 
335 954 
336 419 
336 907 
336 966 
337 550 
337 742 
337 754 
337 770 
337 808 
337 815 
337 836 
338 511 
338 590 
338 749 
338 763 
338 876 
338 995 
339 522 
339 799 
339 938 
339 999 
340 465 
340 509 
340 649 
340 796 
340 813 
340 922 
341 356 
341 547 
341 760 
341 925 
341 942 
341 982 
342 395 
342 564 
342 620 
342 694 
342 806 
342 870 
342 895 
342 913 
343 388 
343 523 
343 533 
343 638 
343 689 
343 965 
344 515 
344 586 
344 967 
345 362 
345 393 
345 554 
345 582 
345 650 
345 737 
345 820 
346 397 
346 548 
346 828 
346 938 
347 487 
347 495 
347 543 
347 623 
347 816 
347 849 
348 392 
348 416 
348 436 
348 481 
348 513 
348 783 
349 440 
349 575 
349 705 
349 755 
350 549 
350 562 
350 581 
350 611 
350 889 
351 578 
351 734 
351 769 
351 780 
351 797 
351 826 
352 497 
352 792 
352 986 
352 1000 
353 434 
353 721 
353 748 
353 956 
354 442 
354 573 
354 691 
354 829 
354 856 
355 371 
355 411 
355 599 
355 672 
355 726 
355 758 
355 884 
355 972 
355 979 
355 1001 
356 360 
356 547 
356 562 
356 760 
356 942 
356 982 
357 517 
357 721 
357 899 
358 402 
358 540 
358 717 
358 761 
358 828 
358 881 
358 974 
359 553 
359 631 
359 684 
359 688 
359 891 
359 930 
360 549 
360 562 
360 581 
361 620 
361 635 
361 746 
361 780 
361 978 
361 998 
362 393 
362 650 
362 858 
362 904 
362 924 
362 943 
363 392 
363 568 
363 744 
363 757 
363 765 
363 794 
363 921 
364 407 
364 417 
364 560 
364 960 
365 413 
365 459 
365 756 
365 842 
365 847 
365 933 
366 610 
366 729 
366 791 
366 915 
366 968 
367 509 
367 649 
367 693 
367 796 
367 824 
368 386 
368 523 
368 597 
368 689 
368 777 
368 841 
368 896 
369 479 
369 514 
369 585 
369 701 
369 855 
369 923 
370 399 
370 578 
370 724 
370 735 
370 738 
370 862 
370 950 
370 980 
371 390 
371 473 
371 476 
371 632 
371 768 
371 906 
371 972 
372 383 
372 456 
372 587 
372 664 
372 697 
372 810 
372 818 
372 863 
373 610 
373 729 
373 791 
373 968 
374 389 
374 396 
374 455 
374 613 
374 652 
374 831 
374 892 
375 405 
375 561 
375 596 
375 611 
375 869 
375 949 
375 994 
376 400 
376 457 
376 716 
376 788 
377 435 
377 445 
377 484 
377 545 
377 655 
377 686 
378 608 
378 662 
378 800 
378 867 
378 937 
379 522 
379 926 
380 405 
380 407 
380 447 
380 680 
380 695 
380 833 
381 650 
381 728 
381 814 
381 858 
381 943 
382 398 
382 412 
382 415 
382 422 
382 606 
382 618 
382 642 
383 577 
383 587 
383 664 
383 697 
383 818 
383 863 
384 567 
384 646 
384 724 
384 862 
384 950 
384 980 
385 445 
385 460 
385 484 
385 675 
385 749 
385 763 
386 597 
386 638 
386 660 
386 753 
386 777 
386 785 
386 886 
387 452 
387 496 
387 527 
387 600 
387 637 
387 654 
387 725 
388 713 
388 741 
388 775 
388 965 
388 975 
389 425 
389 461 
389 463 
389 469 
389 613 
389 874 
390 467 
390 713 
390 963 
391 617 
391 733 
391 757 
391 794 
391 915 
391 968 
392 436 
392 568 
392 744 
392 765 
392 921 
393 737 
393 805 
393 814 
393 941 
394 423 
394 459 
394 648 
394 759 
394 827 
394 871 
394 955 
395 454 
395 564 
395 620 
395 754 
395 806 
395 895 
395 998 
396 427 
396 601 
396 831 
397 520 
397 526 
397 541 
397 548 
397 657 
397 666 
398 412 
398 415 
398 422 
398 621 
399 851 
399 862 
399 950 
399 980 
400 798 
400 873 
400 903 
401 449 
401 486 
401 490 
401 506 
401 569 
401 579 
401 593 
401 656 
402 501 
402 639 
402 761 
402 795 
402 881 
402 974 
403 767 
403 911 
403 983 
404 454 
404 499 
404 548 
404 552 
404 564 
404 720 
404 895 
405 407 
405 560 
405 611 
405 680 
405 707 
405 833 
406 489 
406 592 
406 690 
407 417 
407 560 
407 680 
407 833 
407 960 
408 539 
408 554 
408 582 
408 631 
408 684 
408 749 
408 995 
409 426 
409 583 
409 765 
409 803 
409 864 
410 798 
410 853 
410 873 
410 903 
411 556 
411 599 
411 726 
411 758 
411 884 
411 888 
411 979 
412 415 
412 595 
412 961 
413 459 
413 511 
413 648 
413 659 
413 687 
413 847 
414 472 
414 567 
414 575 
414 738 
414 755 
415 507 
415 595 
415 784 
416 436 
416 481 
416 607 
416 683 
416 783 
417 560 
417 680 
417 960 
418 475 
418 598 
418 629 
418 817 
418 868 
418 875 
418 988 
418 993 
419 623 
419 731 
419 802 
419 832 
419 907 
419 966 
420 602 
420 619 
420 676 
420 698 
420 809 
420 962 
421 500 
421 793 
421 852 
421 947 
421 989 
422 642 
422 900 
422 961 
423 438 
423 653 
423 702 
423 839 
423 871 
423 955 
423 987 
424 443 
424 462 
424 512 
424 879 
424 997 
425 469 
425 577 
425 613 
425 706 
425 712 
426 765 
426 803 
426 864 
427 455 
427 641 
427 646 
427 652 
427 831 
428 490 
428 745 
428 934 
428 957 
429 505 
429 670 
429 693 
429 740 
429 824 
430 605 
430 759 
430 839 
430 845 
430 905 
430 955 
431 470 
431 856 
431 908 
432 465 
432 571 
432 584 
432 790 
433 471 
433 640 
433 743 
433 811 
433 872 
434 448 
434 453 
434 537 
434 624 
434 766 
434 885 
434 944 
435 445 
435 484 
435 655 
435 674 
435 827 
436 481 
436 513 
436 783 
437 494 
437 671 
437 959 
438 459 
438 653 
438 659 
438 661 
438 718 
438 871 
439 690 
439 732 
439 868 
439 993 
440 542 
440 747 
440 953 
441 703 
441 882 
441 918 
441 927 
441 954 
442 604 
442 608 
442 835 
442 902 
443 512 
443 834 
443 842 
443 850 
443 997 
444 719 
444 792 
444 894 
444 986 
445 484 
445 590 
445 655 
446 511 
446 590 
446 749 
446 876 
446 995 
447 596 
447 695 
447 707 
447 833 
448 453 
448 537 
448 588 
448 612 
448 880 
448 944 
449 486 
449 490 
449 506 
449 934 
449 957 
450 451 
450 533 
450 591 
450 772 
450 773 
450 861 
450 916 
451 538 
451 565 
451 622 
451 685 
451 762 
451 773 
451 861 
451 916 
452 496 
452 546 
453 537 
453 588 
453 612 
453 624 
453 880 
454 552 
454 564 
454 566 
454 620 
454 720 
454 870 
454 913 
454 998 
455 601 
456 587 
456 664 
456 810 
456 818 
456 863 
457 505 
457 625 
457 658 
457 788 
457 860 
457 897 
458 545 
458 675 
458 686 
458 898 
458 951 
459 648 
459 659 
459 718 
459 871 
460 763 
460 876 
460 995 
461 469 
461 574 
461 613 
461 874 
461 901 
461 996 
462 512 
462 834 
462 842 
462 850 
462 997 
463 469 
463 574 
463 613 
463 874 
463 901 
463 996 
464 558 
464 653 
464 661 
464 702 
464 839 
464 946 
464 987 
465 535 
465 790 
465 813 
465 823 
466 548 
466 828 
466 938 
467 671 
467 713 
467 727 
467 958 
468 651 
468 700 
468 708 
468 948 
468 983 
469 574 
470 477 
470 627 
470 908 
471 640 
471 710 
471 743 
471 751 
471 811 
471 872 
472 501 
472 575 
472 795 
472 859 
473 477 
473 627 
473 681 
473 715 
473 838 
473 972 
474 882 
474 927 
474 941 
474 954 
475 480 
475 508 
475 592 
475 629 
475 817 
475 875 
475 988 
475 993 
476 524 
476 665 
476 758 
476 979 
476 1001 
477 681 
477 838 
478 524 
478 530 
478 536 
478 615 
478 676 
478 844 
478 962 
479 585 
479 822 
479 923 
479 971 
480 508 
480 592 
480 629 
480 817 
480 878 
480 983 
480 988 
481 683 
481 787 
482 669 
482 701 
482 855 
482 887 
482 905 
483 767 
483 911 
483 983 
484 655 
484 675 
484 763 
485 488 
485 753 
485 782 
485 857 
485 886 
485 964 
486 490 
486 546 
486 593 
486 745 
486 957 
487 518 
487 543 
487 557 
487 679 
487 778 
487 832 
487 849 
488 782 
488 804 
488 964 
489 508 
489 592 
489 817 
490 593 
490 908 
490 957 
491 498 
491 528 
491 553 
491 688 
491 930 
492 500 
492 608 
492 662 
492 902 
492 937 
492 989 
493 576 
493 658 
493 673 
493 743 
493 751 
493 771 
493 781 
493 877 
494 671 
494 727 
494 753 
494 959 
495 557 
495 778 
495 832 
496 600 
496 637 
496 654 
496 931 
497 534 
497 792 
498 528 
498 722 
498 801 
498 928 
499 520 
499 548 
499 564 
499 644 
499 895 
500 531 
500 989 
501 639 
501 717 
501 859 
502 807 
502 882 
502 927 
502 941 
502 954 
503 577 
503 706 
503 712 
503 914 
503 939 
504 625 
504 788 
504 877 
504 897 
505 740 
505 750 
505 935 
506 569 
506 593 
506 656 
506 908 
507 626 
508 629 
508 817 
508 875 
508 878 
509 641 
509 649 
509 670 
509 693 
509 796 
509 823 
510 556 
510 579 
510 599 
510 789 
510 920 
510 932 
511 590 
511 648 
511 756 
512 730 
512 834 
512 850 
512 997 
513 607 
513 683 
513 786 
514 605 
514 701 
514 855 
514 971 
515 561 
515 586 
515 633 
515 793 
515 967 
516 660 
516 678 
516 782 
516 843 
516 864 
516 865 
517 542 
517 721 
517 747 
517 748 
517 899 
517 953 
517 956 
518 543 
518 668 
518 679 
518 849 
518 909 
519 525 
519 628 
519 799 
519 881 
519 917 
519 999 
520 526 
520 541 
520 548 
520 644 
520 657 
521 529 
521 810 
521 863 
522 799 
522 917 
522 926 
522 999 
523 533 
523 597 
523 638 
523 741 
523 772 
523 785 
523 965 
524 530 
524 665 
524 768 
524 906 
524 975 
524 979 
525 799 
525 938 
525 974 
525 999 
526 541 
526 657 
526 666 
526 692 
527 600 
527 654 
527 725 
528 553 
528 688 
528 722 
528 930 
529 577 
529 810 
529 863 
530 536 
530 615 
530 665 
530 676 
530 844 
530 962 
531 662 
531 867 
531 937 
531 989 
532 568 
532 787 
532 794 
533 689 
533 741 
533 772 
533 775 
533 965 
534 1000 
535 790 
535 813 
535 823 
536 602 
536 615 
536 676 
536 844 
536 952 
536 962 
537 624 
537 766 
537 885 
537 944 
538 622 
538 685 
538 762 
538 773 
538 861 
538 916 
539 553 
539 631 
539 684 
539 688 
539 930 
540 639 
540 717 
540 761 
541 657 
541 666 
541 692 
542 705 
542 747 
542 795 
542 953 
543 557 
543 714 
543 778 
543 816 
543 832 
544 682 
544 739 
544 781 
544 901 
544 919 
544 996 
545 674 
545 686 
545 898 
545 951 
546 600 
546 931 
546 934 
547 630 
547 692 
547 925 
547 982 
548 564 
548 644 
549 562 
549 630 
549 910 
549 925 
550 580 
550 754 
550 806 
550 836 
550 998 
551 567 
551 950 
551 980 
552 564 
552 566 
552 620 
552 644 
553 891 
553 930 
554 582 
554 631 
554 684 
554 737 
554 820 
555 619 
555 676 
555 698 
555 809 
555 945 
555 962 
556 579 
556 599 
556 672 
556 789 
556 884 
556 1001 
557 623 
557 802 
557 816 
557 849 
558 603 
558 661 
558 714 
558 730 
558 866 
559 567 
559 575 
560 680 
560 910 
560 960 
561 596 
561 707 
561 793 
561 869 
561 949 
561 994 
562 581 
562 889 
562 910 
563 662 
563 736 
563 883 
563 937 
563 981 
563 989 
564 644 
564 870 
564 913 
565 622 
565 685 
565 762 
565 773 
565 916 
566 635 
566 720 
566 978 
567 575 
567 724 
567 755 
567 970 
568 744 
568 794 
568 921 
569 579 
569 715 
570 703 
570 719 
570 882 
570 918 
570 927 
570 954 
571 776 
572 800 
572 856 
573 604 
573 608 
573 829 
573 902 
574 874 
574 901 
574 996 
575 705 
575 755 
576 673 
576 679 
576 751 
577 706 
577 810 
578 734 
578 738 
578 950 
578 980 
579 656 
579 789 
579 932 
580 594 
580 696 
580 742 
580 770 
580 808 
581 630 
581 925 
581 960 
582 631 
582 820 
582 848 
583 765 
583 803 
583 864 
584 776 
585 669 
585 701 
585 855 
585 923 
585 971 
586 633 
586 967 
587 664 
587 697 
587 810 
587 863 
588 624 
588 892 
588 893 
588 944 
589 678 
589 782 
589 804 
589 964 
590 648 
590 763 
591 773 
591 819 
591 841 
591 896 
591 991 
592 629 
592 817 
592 875 
592 878 
593 934 
593 957 
594 694 
594 696 
594 742 
594 754 
594 806 
594 808 
595 784 
595 961 
596 707 
596 869 
596 949 
597 638 
597 689 
597 777 
597 785 
597 896 
598 694 
598 868 
598 993 
599 672 
599 726 
599 888 
599 932 
599 979 
600 637 
600 654 
601 670 
601 693 
601 831 
602 619 
602 698 
602 837 
602 844 
602 952 
602 962 
603 714 
603 730 
603 816 
603 849 
603 866 
604 608 
604 829 
604 835 
605 905 
605 946 
605 987 
606 618 
606 642 
606 900 
607 683 
607 764 
607 967 
608 829 
608 835 
609 769 
609 780 
609 797 
609 826 
609 836 
610 791 
610 915 
610 964 
610 968 
611 707 
611 833 
611 869 
611 889 
611 910 
612 624 
612 880 
612 892 
612 944 
613 892 
614 650 
614 711 
614 728 
614 858 
614 904 
614 977 
615 676 
615 844 
615 952 
615 962 
616 636 
616 674 
616 686 
616 845 
616 898 
616 940 
617 643 
617 691 
617 794 
617 846 
617 915 
617 968 
618 642 
618 900 
619 676 
619 837 
619 962 
620 720 
620 806 
620 870 
620 913 
620 998 
621 626 
621 710 
622 685 
622 762 
622 861 
622 916 
622 945 
622 973 
623 778 
623 802 
623 816 
623 832 
624 766 
624 944 
625 658 
625 877 
625 912 
626 784 
626 961 
627 681 
627 715 
628 639 
628 761 
628 881 
628 974 
629 875 
629 988 
630 910 
630 925 
630 960 
631 684 
631 779 
631 848 
631 891 
632 713 
632 758 
632 840 
632 906 
632 963 
633 967 
634 666 
634 677 
634 926 
635 746 
635 978 
635 998 
636 792 
636 898 
636 951 
636 986 
637 725 
637 931 
638 689 
638 753 
638 777 
638 857 
639 717 
639 761 
639 881 
639 974 
640 668 
640 710 
640 812 
641 646 
641 813 
641 823 
643 846 
643 915 
643 968 
644 895 
645 740 
645 750 
645 821 
645 854 
645 929 
645 936 
645 984 
646 851 
646 862 
646 970 
647 926 
648 756 
649 823 
649 922 
650 728 
650 814 
650 858 
650 904 
650 943 
651 695 
651 700 
651 708 
652 892 
652 893 
653 661 
653 702 
653 839 
653 871 
653 946 
653 987 
654 725 
655 674 
655 675 
655 763 
656 715 
658 673 
658 788 
658 897 
658 912 
659 702 
659 842 
659 847 
660 678 
660 782 
660 857 
660 865 
660 886 
661 702 
661 839 
661 871 
661 946 
661 987 
662 867 
662 902 
662 937 
663 675 
663 737 
663 805 
663 992 
664 697 
664 810 
664 818 
665 726 
665 768 
665 888 
665 906 
665 979 
666 677 
666 692 
667 779 
667 820 
667 848 
668 710 
668 811 
668 812 
669 701 
669 855 
669 887 
669 971 
670 796 
670 824 
670 935 
671 713 
671 727 
671 838 
671 958 
671 963 
672 726 
672 758 
672 884 
672 888 
672 979 
673 771 
673 781 
673 872 
674 686 
674 827 
676 698 
677 692 
677 926 
678 782 
678 886 
679 909 
680 833 
680 960 
681 715 
681 838 
681 958 
681 972 
682 771 
682 781 
682 901 
682 996 
683 967 
684 891 
684 930 
684 995 
685 762 
685 773 
685 861 
685 973 
686 898 
686 951 
687 756 
687 847 
687 933 
688 891 
689 741 
689 777 
689 785 
689 965 
690 732 
690 993 
691 846 
691 856 
692 925 
693 750 
693 935 
694 868 
694 895 
696 742 
696 754 
696 868 
697 784 
697 810 
697 863 
698 837 
698 962 
699 821 
699 854 
699 929 
699 936 
699 976 
699 984 
700 948 
701 887 
701 971 
702 718 
702 871 
703 719 
703 882 
703 918 
703 927 
703 954 
704 721 
704 766 
704 885 
704 899 
704 956 
706 939 
707 833 
707 869 
707 949 
707 994 
708 948 
709 729 
709 733 
709 757 
709 804 
709 968 
710 811 
710 812 
710 822 
711 728 
711 890 
711 904 
711 977 
712 939 
713 840 
713 963 
714 849 
715 972 
716 798 
716 853 
716 873 
716 903 
717 761 
717 795 
717 859 
718 842 
718 847 
719 894 
719 986 
720 870 
720 998 
721 748 
721 885 
721 956 
722 801 
722 928 
723 770 
723 808 
723 815 
723 836 
724 738 
724 862 
724 950 
724 980 
725 774 
725 931 
725 969 
726 979 
726 1001 
727 959 
728 814 
728 858 
728 890 
728 904 
728 943 
728 977 
729 733 
729 791 
729 915 
729 964 
729 968 
730 802 
730 816 
730 834 
730 866 
731 907 
731 966 
732 895 
733 791 
733 915 
733 968 
734 769 
734 780 
734 797 
734 826 
735 851 
735 862 
735 950 
735 980 
736 883 
736 937 
736 989 
737 805 
737 992 
738 950 
738 980 
739 784 
739 919 
740 821 
740 824 
740 935 
740 936 
741 775 
741 965 
742 754 
742 808 
743 771 
743 872 
744 757 
744 765 
744 794 
745 908 
745 934 
745 957 
746 780 
746 797 
746 998 
748 885 
748 899 
748 956 
749 763 
749 876 
750 821 
750 824 
750 935 
750 936 
751 781 
752 830 
752 879 
752 933 
752 990 
753 777 
753 886 
754 806 
754 808 
754 870 
754 913 
756 847 
756 933 
757 794 
757 968 
758 768 
758 906 
758 972 
758 979 
759 827 
759 955 
760 925 
760 942 
760 982 
761 795 
761 859 
762 861 
762 916 
764 786 
764 967 
765 803 
765 864 
766 956 
767 911 
767 983 
768 840 
768 979 
769 780 
769 797 
769 826 
770 808 
770 815 
770 836 
771 781 
771 872 
772 775 
772 861 
772 973 
773 916 
773 991 
774 800 
774 931 
775 965 
775 975 
777 857 
777 886 
778 816 
778 849 
779 891 
780 826 
781 872 
782 857 
782 886 
785 841 
785 896 
786 967 
787 921 
788 877 
788 912 
789 920 
789 932 
790 813 
791 915 
791 964 
792 898 
792 951 
793 947 
793 949 
793 994 
794 968 
795 859 
796 824 
796 922 
796 936 
797 826 
798 853 
799 917 
799 999 
800 969 
801 928 
802 816 
802 832 
803 864 
804 964 
805 992 
806 808 
806 870 
806 913 
806 998 
807 814 
807 858 
807 943 
808 836 
808 998 
809 837 
809 962 
810 818 
810 863 
811 812 
812 822 
813 823 
814 858 
814 904 
814 924 
815 836 
816 832 
816 849 
817 875 
817 878 
817 988 
818 863 
819 991 
820 848 
821 854 
821 984 
823 922 
824 935 
825 854 
825 929 
825 936 
825 984 
827 955 
828 881 
828 938 
828 974 
830 850 
830 879 
832 849 
834 866 
834 997 
835 902 
837 962 
838 958 
838 972 
839 871 
839 946 
839 955 
840 906 
840 963 
840 975 
843 864 
844 952 
844 962 
845 940 
846 856 
847 933 
850 879 
850 997 
851 862 
852 947 
853 903 
854 929 
854 936 
855 887 
855 971 
857 886 
858 904 
858 924 
860 897 
860 935 
861 916 
861 945 
861 973 
862 950 
862 980 
867 883 
867 937 
867 981 
869 994 
870 998 
873 909 
874 901 
875 878 
875 983 
875 988 
877 897 
877 912 
879 990 
879 997 
880 893 
880 944 
881 938 
881 974 
882 941 
882 954 
883 937 
883 981 
884 888 
884 932 
884 979 
884 1001 
885 956 
887 905 
888 979 
888 1001 
890 904 
891 930 
892 893 
892 985 
893 944 
894 986 
895 913 
897 912 
898 986 
899 956 
904 943 
906 979 
907 966 
910 960 
911 983 
913 998 
914 939 
914 985 
916 973 
917 938 
917 999 
918 954 
920 932 
922 936 
923 971 
924 943 
927 941 
927 954 
929 936 
929 976 
929 984 
932 1001 
934 957 
936 984 
937 989 
938 974 
939 985 
942 982 
945 973 
946 987 
947 989 
949 994 
950 970 
951 986 
952 962 
955 987 
958 963 
970 980 
976 984 
979 1001 
988 993 
990 997 
