57
1 -21.37 17.42
3 -20.56 10.98
2 -21.7 1.8
4 -21.1 -5.32
2 -20.97 -15.4
2 -15.05 17.60
3 -14.70 11.17
3 -13.09 -0.7
3 -16.2 -4.51
3 -16.6 -8.98
2 -13.05 -11.0
3 -14.25 -17.5
4 -10.47 15.02
4 -10.96 5.67
3 -8.58 -16.6
4 -6.02 17.56
3 -5.33 12.29
2 -7.73 9.08
4 -5.38 1.71
3 -8.09 -2.32
2 -5.48 -7.51
1 -7.13 -10.8
2 -2.90 -15.9
5 -1.24 8.47
3 0.42 2.30
3 -1.19 -3.57
4 1.95 -8.03
3 0.15 -12.8
2 2.58 17.62
3 4.86 10.99
2 5.97 2.40
5 5.55 -4.55
4 7.82 -9.75
3 4.53 -14.1
2 8.87 -17.38
3 9.00 17.35
4 9.19 7.86
5 11.64 3.22
3 12.22 -0.16
4 10.89 -4.45
2 11.70 -13.9
2 13.97 16.80
3 17.33 10.20
3 14.07 7.08
3 16.65 1.08
3 15.77 -5.75
3 16.02 -11.46
1 21.14 16.94
3 20.95 8.56
3 20.84 0.92
3 20.86 -5.69
2 20.63 -17.4
2 -3.06 -1.81
3 1.47 -1.59
2 3.4 -5.96
2 5.03 -11.48
3 8.18 -6.28
82
0 1
1 2
2 3
3 4
6 1
8 3
8 7
9 8
9 3
10 9
11 10
11 4
12 5
12 6
13 6
13 7
14 11
15 5
15 12
16 12
16 15
17 13
18 13
19 18
19 7
20 19
21 14
22 14
23 16
23 17
24 23
24 18
26 25
26 20
27 26
27 22
28 15
29 23
31 30
32 31
33 27
34 33
35 28
35 29
36 29
36 23
37 36
37 30
38 37
39 38
39 32
40 34
41 35
42 41
43 42
43 36
43 37
44 37
44 38
45 39
46 45
46 40
48 47
48 42
49 48
49 44
50 49
50 45
51 50
51 46
52 25
52 18
53 25
53 24
53 31
54 26
54 31
55 32
55 33
56 31
56 32
56 39









