1002
10 -22.53 18.70
10 22.48 -18.30
10 -3.98 7.40
8 -20.23 -5.20
10 -14.18 15.35
9 -15.78 -8.40
8 7.78 6.50
10 -5.73 -7.00
9 -4.93 11.05
9 3.78 -13.55
9 10.83 -4.70
10 19.93 -5.35
10 -0.93 12.20
10 0.53 -9.50
7 13.93 15.40
10 14.88 14.35
10 -21.48 -11.30
4 4.08 -17.90
9 2.02 -14.05
10 -5.78 10.00
8 4.88 -11.20
10 5.93 2.20
8 19.58 14.90
10 -21.73 5.50
11 20.78 -3.30
8 3.53 6.40
10 2.98 17.15
10 20.83 5.30
10 22.68 17.80
8 22.28 2.60
7 -14.12 -16.20
10 -14.03 -17.45
9 15.78 -11.35
6 -0.68 -8.30
10 -13.73 16.50
10 21.88 -6.10
10 19.43 -16.60
10 11.78 -13.60
7 -1.12 -8.20
8 13.62 -11.15
10 -1.12 12.95
9 -1.43 17.30
8 20.08 7.05
9 -1.33 11.50
10 7.08 10.65
9 6.48 -3.45
10 -19.33 -5.30
10 -8.12 -9.10
9 -14.38 -10.50
9 6.88 -4.80
9 -5.43 -0.05
9 -16.78 11.45
8 6.28 4.25
1 -17.28 -0.30
10 0.53 1.80
6 1.98 2.20
9 -14.23 18.20
9 7.53 18.65
11 21.23 -16.30
8 7.48 2.55
10 19.48 -16.40
8 -10.88 -10.65
8 0.78 -13.85
7 -2.58 -18.20
9 22.12 11.65
9 2.08 -7.95
9 -8.43 -13.35
9 -13.73 -18.10
9 -22.23 -13.75
8 9.08 -14.70
11 0.98 -8.45
7 -12.78 -1.25
11 21.28 16.60
8 0.18 6.40
7 12.73 -17.85
10 -9.28 17.00
9 -18.32 -8.05
8 13.98 -11.45
10 13.03 2.05
10 -0.58 -9.65
9 9.12 9.80
10 -6.33 7.75
9 -13.58 8.20
10 -21.12 -16.80
8 6.83 0.15
10 -3.93 -6.90
10 -2.53 7.85
9 11.62 0.80
12 7.23 8.60
10 -19.33 12.45
10 20.48 1.35
7 -13.03 -14.20
9 -20.88 -15.15
10 -7.12 3.50
9 -8.33 -16.20
9 5.73 9.45
6 -2.38 -18.25
9 8.62 -7.30
10 3.43 18.50
9 14.12 2.40
7 -2.68 -3.75
6 1.07 -10.80
9 -14.73 -5.45
9 22.62 16.85
8 -0.58 -13.60
9 1.68 9.85
10 0.12 0.10
9 16.98 10.25
10 15.73 -12.80
10 9.88 16.85
8 16.78 8.50
9 4.73 -12.00
10 20.43 -3.95
10 -10.62 -0.85
9 -14.33 -1.25
9 10.03 -8.90
9 1.18 -7.55
8 -20.03 -17.30
8 12.03 -15.05
9 -17.82 10.75
10 -21.83 -14.75
8 12.38 3.40
9 22.18 12.50
9 13.28 -4.50
7 8.53 -10.85
8 -22.33 5.10
9 10.18 -8.70
8 -19.78 -17.15
7 -15.83 -14.15
9 4.93 -11.25
10 -8.88 14.55
8 5.18 14.70
10 19.98 -9.95
7 -20.48 -7.95
11 -16.82 -5.20
8 21.33 -11.35
9 11.18 -18.75
9 -19.12 -4.50
8 8.08 -15.95
10 -1.88 -16.60
8 -2.58 -18.60
9 -20.68 1.00
9 20.23 10.20
10 -0.53 3.85
10 10.93 -5.70
9 -21.48 -6.10
7 -13.98 -9.55
7 -20.33 -8.50
10 -3.48 1.50
11 0.08 -2.15
9 15.38 6.05
11 -0.33 10.60
9 -13.88 12.95
11 8.33 8.15
10 -18.62 12.80
10 -7.78 -15.15
9 17.98 11.65
9 -19.07 -13.65
8 15.33 -13.85
6 17.78 -18.25
11 20.38 18.25
9 -20.58 -10.50
10 -15.62 -5.45
8 2.73 -15.05
9 5.08 3.55
8 5.03 18.70
10 -19.68 14.00
10 -7.93 13.30
7 -12.68 -14.80
10 -13.78 -2.35
10 -5.28 -6.00
8 -16.18 -18.55
8 -2.73 -18.05
9 5.58 0.40
9 -10.18 -17.00
11 -8.72 7.90
10 22.12 18.20
5 18.28 -18.00
12 9.03 -5.30
10 10.88 -3.70
10 -15.18 -4.35
9 2.68 -7.85
7 -15.73 10.65
12 -0.03 -9.50
9 -15.58 16.35
9 -8.62 16.55
8 -5.18 -1.55
10 4.67 -2.85
12 -2.27 11.00
10 -20.88 1.65
11 -12.78 -16.50
10 22.28 13.30
9 -18.68 -3.40
7 -0.43 -18.45
10 10.53 -6.65
11 -13.98 -4.10
10 -22.28 -5.50
9 -6.78 -3.75
8 1.12 5.70
8 -22.33 -11.10
9 2.53 -6.30
9 -22.43 -14.55
10 -16.88 -8.85
7 -17.48 9.85
8 5.93 14.65
9 -9.18 -3.80
10 -10.93 0.50
10 -15.33 -8.10
11 19.88 -18.05
10 20.68 -0.55
9 -14.33 -11.10
10 -9.53 -15.15
9 10.12 1.60
9 -11.18 8.90
9 5.12 -1.95
10 21.73 9.65
7 -3.88 -15.75
9 0.33 18.30
5 -8.43 -0.75
9 -5.83 16.25
8 -22.12 -15.25
10 -10.28 -16.90
10 -4.38 -0.45
9 11.98 -1.10
9 -10.78 14.75
10 -21.98 6.50
8 -15.08 0.70
8 7.23 2.85
8 8.97 -17.75
4 -13.48 5.30
12 -14.68 -8.70
10 -20.88 -4.85
8 14.48 -4.20
10 12.83 -0.10
8 4.93 11.55
10 22.38 -14.75
10 22.08 -15.60
4 7.93 0.25
9 -0.93 0.60
9 -1.23 11.50
10 15.03 -10.45
9 16.43 8.70
9 20.38 5.90
9 -0.38 12.65
9 -11.23 -18.15
8 -9.47 9.05
5 -19.23 -15.35
11 -8.12 -11.10
10 -0.68 18.25
10 7.83 17.05
9 9.12 -17.30
11 21.73 -0.50
8 -3.83 17.20
8 17.53 -6.30
9 -22.43 -12.70
7 22.08 -7.50
7 -19.93 -5.10
8 -5.23 12.70
11 -15.88 -3.90
8 -12.58 -18.25
13 20.23 16.90
11 -4.42 3.20
11 4.28 15.65
13 6.78 2.50
9 -12.93 15.05
10 -21.58 -10.20
8 16.73 17.75
10 -18.93 18.75
10 8.68 -8.50
11 0.78 -7.70
9 12.83 3.75
7 -22.38 -17.10
7 1.78 7.05
10 -20.93 -8.90
10 21.18 18.55
10 -4.48 9.85
9 22.58 6.10
9 -22.08 -8.20
10 22.08 -14.95
10 -19.48 8.60
9 11.83 2.85
7 -2.73 -3.20
8 -15.58 2.55
9 11.23 2.00
10 12.88 0.65
9 -4.93 -12.10
11 -14.68 -9.85
10 21.62 17.25
9 21.03 -12.20
9 -21.48 13.20
9 4.38 -4.25
7 12.58 -17.75
8 -13.83 -9.30
10 -16.48 -4.00
4 3.18 -18.15
11 -12.53 0.25
9 -8.53 -16.60
9 20.08 -3.75
7 2.48 -1.00
9 -10.93 18.25
6 -3.43 -9.80
7 -14.12 13.85
9 19.83 -13.75
8 -14.08 17.70
8 4.67 1.25
10 -21.12 0.45
9 2.48 18.00
9 5.23 17.35
12 -8.12 -10.85
10 -1.38 -15.75
8 -3.12 -13.20
10 9.43 -7.45
11 -20.18 -16.30
7 8.18 4.45
9 7.12 3.00
6 18.12 18.10
8 22.73 13.70
10 -20.58 5.95
8 9.03 -15.00
10 -20.33 -15.70
12 21.93 -12.70
13 -21.23 -15.20
12 3.48 16.40
10 -6.88 -10.80
7 0.93 18.70
8 -11.38 12.95
5 -0.73 -4.90
7 21.18 -8.80
9 -10.38 -17.90
9 -7.73 3.80
8 -19.53 -17.90
9 -8.38 15.50
9 10.38 18.20
13 -12.88 0.70
8 -8.78 -4.25
10 17.73 7.90
7 8.83 2.25
7 4.53 0.40
9 21.28 -8.10
9 -11.38 -9.80
10 -16.03 10.00
12 -1.03 10.20
6 10.83 -9.30
8 8.83 -15.05
10 -3.28 8.35
7 22.03 2.80
12 -5.38 1.40
8 0.53 18.60
9 0.83 6.15
9 -0.12 6.60
9 -18.73 -17.95
9 10.73 0.35
10 11.62 -16.10
9 -16.98 16.55
7 -15.68 -17.90
7 -13.98 -9.85
9 -1.03 8.05
3 17.03 -14.10
9 10.83 -18.75
9 17.62 12.15
10 5.23 8.35
9 15.18 -5.35
11 20.18 -2.65
10 -7.38 -6.40
9 4.42 -11.00
10 5.98 -1.70
8 18.03 11.00
10 -21.78 4.60
9 7.18 2.85
9 -13.53 -3.75
10 -4.23 -7.65
9 -9.22 -17.95
10 -10.58 17.45
10 -7.48 -17.40
10 11.53 -17.15
6 21.83 3.10
8 -12.62 -2.95
11 15.53 -11.65
8 -8.53 -5.30
10 -0.62 17.10
6 -18.38 -7.75
10 -6.38 14.30
10 20.03 8.90
9 14.18 15.80
7 -19.23 -18.50
10 -0.48 0.45
9 16.53 -12.65
9 -16.68 18.70
8 22.43 7.35
10 -16.28 -9.30
11 -19.28 -3.75
11 -6.73 0.35
8 10.18 -9.70
7 4.73 18.35
10 6.43 9.45
7 4.78 2.10
13 -7.43 -11.00
11 22.12 5.45
7 11.33 -16.15
7 -17.43 -16.60
7 -0.58 3.80
9 -9.58 8.85
10 10.73 -4.90
8 14.12 15.25
9 -20.12 -1.55
9 -11.38 7.75
11 -18.07 12.15
10 -0.08 -2.90
10 -21.58 -9.40
7 -21.83 -4.35
9 -8.38 -5.50
10 16.48 9.20
7 -8.43 13.70
7 7.83 6.50
8 14.18 15.15
9 5.58 8.50
10 18.73 -16.55
10 -21.48 6.15
6 -8.62 -0.85
4 -2.83 -2.25
12 0.62 -8.10
9 -8.93 -4.40
8 -21.53 -4.55
10 -14.23 -1.55
8 0.83 5.55
12 5.28 16.60
9 13.03 18.30
10 -12.48 -1.05
13 -17.78 11.40
11 -7.53 14.20
9 -5.33 -0.80
9 -3.08 2.35
9 15.03 -5.90
10 -18.88 -18.00
9 21.68 6.40
6 2.62 -5.70
11 -12.83 14.20
9 12.28 -17.90
9 22.48 1.05
11 21.78 -2.70
10 -11.38 -0.45
9 -2.43 6.45
7 9.68 8.45
7 -7.68 8.15
10 -18.23 7.90
9 -12.58 11.10
10 17.48 -6.25
8 -11.38 12.75
7 -8.83 13.65
11 -20.53 -5.80
11 19.83 8.00
6 -19.03 -8.25
10 -20.73 -11.90
7 18.98 -2.95
8 -7.58 -1.60
8 -17.03 -3.35
13 -2.12 -16.05
6 2.33 -5.20
8 1.33 5.20
9 20.83 -9.05
8 18.82 -6.05
11 15.73 14.85
9 21.58 -11.15
8 -15.78 -8.35
13 7.28 8.95
9 7.33 -10.30
9 -14.48 -16.35
9 -20.48 -10.20
12 -9.12 -10.85
10 -21.18 -0.15
11 1.62 -7.20
8 -14.23 13.75
10 9.08 -11.20
10 20.83 1.80
11 5.28 -14.15
6 15.68 17.70
12 -1.58 7.25
9 3.88 12.35
10 -4.83 -18.40
8 -12.68 3.35
9 -1.03 -4.45
5 1.43 -10.85
9 -13.62 17.35
10 4.17 -5.30
8 -12.73 1.95
8 -20.48 14.10
10 -18.18 18.80
11 22.23 -14.20
8 -22.23 -3.10
8 17.43 13.95
11 20.73 11.25
9 2.53 -7.35
10 -5.73 -5.90
6 -7.62 8.10
9 -7.28 -15.30
8 1.78 9.25
10 -4.62 -6.60
10 -15.48 11.50
8 13.38 18.15
8 15.83 -9.30
9 -7.03 2.35
10 10.38 -15.00
11 19.28 -6.00
12 -11.98 0.20
11 -8.78 -15.90
10 -19.58 11.40
10 -12.38 17.55
8 -21.53 9.95
10 9.47 -6.50
9 -14.78 -2.45
9 -4.98 9.70
7 9.58 8.55
6 -13.88 8.65
8 12.38 -15.10
9 -8.83 17.55
8 14.18 3.00
9 3.43 -13.30
10 -10.18 -10.05
11 16.88 -6.80
13 20.08 -15.75
6 -12.08 -3.10
9 -20.03 -3.25
10 5.68 -3.70
9 12.28 17.05
10 -20.68 18.85
9 -1.93 -18.20
10 -9.08 9.80
11 -6.08 -0.55
6 -14.48 -0.45
8 16.07 1.75
10 16.28 7.35
6 -9.33 5.45
10 6.33 -10.40
8 19.28 16.80
10 -13.68 -2.90
5 -7.58 8.10
7 -22.43 -16.10
9 8.58 -12.40
12 20.73 -1.75
8 5.33 -10.50
9 -19.93 9.25
9 22.58 -11.65
10 8.43 -15.55
12 -14.23 -3.45
13 -7.48 -5.85
11 -4.93 -16.35
8 -19.68 18.45
8 -2.27 7.20
10 -5.23 -17.40
13 -2.38 9.95
9 4.08 -2.25
9 -1.18 17.00
6 -7.33 0.85
9 19.43 0.75
4 18.18 -2.60
10 1.78 -7.95
11 14.73 -11.50
10 -15.18 -4.60
7 -8.83 -5.30
8 10.23 -18.45
10 -5.88 15.00
10 -14.12 12.25
8 5.18 2.10
8 14.98 -0.15
4 1.93 2.45
12 -12.68 -1.05
6 6.53 -17.00
8 -21.93 4.50
9 5.33 14.90
8 -0.68 -11.30
4 8.12 11.20
7 19.62 6.85
14 -3.23 -15.85
5 -11.28 -15.60
8 -20.43 15.05
7 9.38 7.10
9 -0.12 6.45
11 -20.83 4.25
5 -15.48 2.85
9 -3.88 3.25
13 -0.88 6.95
8 -9.88 -2.45
10 -4.38 1.70
11 -18.82 -4.60
10 6.08 -11.55
10 8.62 16.85
10 2.62 16.65
10 -20.58 9.95
10 11.68 16.85
11 -16.38 -8.65
7 22.33 8.60
10 -18.78 -3.20
11 -17.07 -6.95
10 4.33 7.25
7 -12.43 1.80
8 -5.93 12.95
8 16.03 0.75
9 9.22 -12.35
5 18.12 -18.45
10 18.07 -5.95
7 21.98 -3.75
8 2.38 -13.25
8 -21.78 1.50
8 -20.23 -18.60
9 15.98 12.95
8 -18.88 6.55
11 -7.73 -4.70
7 -16.43 -3.40
9 5.73 -4.15
5 -1.68 3.15
5 -4.23 -8.70
9 -3.38 0.70
8 -19.58 -17.45
12 21.12 -11.85
12 -10.12 -16.05
8 -20.58 3.50
7 22.43 -5.80
12 -12.78 13.45
8 22.28 16.75
12 20.23 17.80
10 -0.43 -8.30
7 3.93 -2.60
7 -17.38 -16.90
5 17.32 -13.75
7 -14.83 2.70
8 11.73 5.40
11 14.98 17.05
5 -3.18 -11.95
8 10.38 18.50
7 17.38 1.35
7 -3.73 -12.70
8 5.93 12.00
10 -8.68 17.15
12 8.38 -10.50
10 8.93 -10.95
10 -6.58 13.75
10 -10.88 16.85
10 3.78 8.05
10 -0.28 2.95
13 -6.93 -6.00
5 -0.83 -7.30
9 14.98 8.05
14 20.88 7.35
12 0.58 0.25
10 8.28 2.35
11 -20.28 4.35
10 21.62 6.00
10 21.18 9.85
6 0.28 -17.70
12 9.73 -5.35
9 -16.12 11.90
8 1.98 8.95
13 -1.62 10.40
6 -18.88 -15.30
12 -20.28 11.20
14 -5.08 0.45
8 -22.28 -7.55
8 4.88 2.90
8 6.78 -14.65
10 -12.48 1.50
6 -17.32 -17.45
12 0.98 -9.10
4 -7.88 5.05
8 -21.12 8.80
8 16.68 -12.60
11 -7.53 16.55
7 -19.12 6.45
7 -22.03 16.35
7 16.93 14.85
9 -17.62 18.65
7 6.58 -3.60
7 2.38 16.10
5 19.38 16.05
13 12.43 0.80
9 -12.68 -12.05
10 19.83 17.00
14 13.73 1.85
8 -14.03 12.75
9 7.62 -10.40
11 20.62 -13.80
10 20.78 13.05
10 -7.68 9.15
15 4.12 16.55
13 -15.83 -9.10
5 -1.43 3.20
10 -8.43 -15.60
7 18.53 -18.20
8 3.62 11.20
11 17.57 -5.75
10 6.62 12.20
10 -2.93 -13.80
7 -11.08 -10.75
9 -5.88 2.75
7 18.07 -17.65
8 -17.43 -18.50
8 7.98 18.35
10 2.98 10.10
10 -18.62 -6.65
7 -22.53 17.25
9 15.18 -11.20
7 12.68 6.35
10 12.08 15.90
9 -8.97 16.30
9 -1.28 -14.90
10 10.73 -13.85
11 -21.28 -14.25
12 8.58 -16.65
7 -20.53 -13.25
10 16.82 12.05
7 8.78 2.15
11 20.38 -5.90
10 8.22 -10.60
9 -13.68 -13.50
8 21.73 -16.20
9 -17.88 -3.90
8 -21.62 -2.05
6 -18.18 -5.35
10 4.53 8.50
12 -5.98 1.70
9 19.33 18.80
9 -19.88 7.65
8 -5.62 17.35
4 2.83 -18.70
9 -3.88 -15.90
9 -20.03 9.55
9 16.82 8.65
8 8.22 -7.80
8 15.12 -11.20
9 5.62 -10.70
8 5.53 11.35
11 -20.08 5.80
11 -20.23 -2.25
12 21.08 11.45
11 0.88 -1.75
14 -12.53 -16.05
10 -9.43 -10.80
9 -14.48 17.20
4 9.93 4.15
8 17.23 0.55
7 -10.93 13.75
15 12.93 1.50
10 -22.23 14.10
9 16.73 -7.25
7 15.93 -8.25
11 6.18 13.85
13 11.18 -16.60
8 -11.18 16.40
10 20.48 -11.75
10 7.83 -16.10
9 -16.38 -16.60
9 -3.73 17.85
14 -12.03 0.50
6 13.58 -18.70
11 10.98 -16.90
13 13.68 16.95
11 -8.12 -10.25
8 1.83 10.00
7 3.93 6.85
9 10.08 -5.25
11 4.88 8.75
6 -10.73 -10.50
6 0.73 -18.55
6 11.28 -1.25
8 -11.33 13.30
11 -6.03 -5.95
8 1.53 1.15
14 -20.43 -4.00
7 -19.83 -18.20
8 -4.33 10.45
8 6.93 14.90
14 -8.62 -10.80
7 -10.73 16.40
8 -22.38 1.00
14 18.07 9.30
11 18.57 9.35
9 -0.33 -10.65
6 -19.07 -8.20
13 -14.53 -3.05
10 -20.73 -4.40
5 -14.98 -5.65
8 -19.62 -3.30
5 -9.47 -18.00
12 13.78 1.20
8 15.53 17.25
6 -22.58 -8.15
7 -21.53 -4.10
11 -5.98 -0.60
8 -17.73 -8.75
9 -0.62 -0.50
8 -16.62 12.55
11 8.22 -16.20
8 -11.93 11.85
13 -6.53 -7.15
12 21.33 -1.05
14 -14.08 -15.85
9 -13.73 -3.35
11 -18.73 11.55
8 2.43 6.95
6 -22.38 -11.30
11 -20.18 -18.10
12 20.73 -13.85
2 16.62 -15.95
6 -21.93 -6.30
12 15.08 1.65
10 5.08 -11.85
9 -18.07 -7.55
10 -0.48 11.25
7 12.73 -14.40
8 -1.78 17.95
10 -21.88 -15.75
6 6.48 -0.60
8 -20.88 3.35
11 8.08 9.75
13 5.23 -13.15
6 -7.73 -2.15
13 13.38 0.90
9 0.62 -2.90
6 -13.43 17.55
10 10.48 -5.90
6 -7.68 8.10
5 5.12 18.50
7 12.98 -12.65
9 21.93 -12.25
8 11.73 15.95
8 -2.62 7.10
8 -21.93 0.05
10 7.28 -9.30
9 -10.78 6.00
9 -2.73 18.55
10 -5.48 -15.60
8 6.68 -16.55
9 10.28 7.15
9 22.58 -0.90
8 10.53 7.40
8 13.08 7.70
13 20.23 0.25
11 15.23 -11.45
7 -14.73 -10.45
14 -12.33 16.20
7 6.18 -0.70
8 11.78 -3.85
7 17.03 -10.85
10 -5.73 2.60
8 -4.93 17.55
9 13.88 2.75
5 -1.62 3.40
9 -21.23 -2.10
13 -5.48 0.10
8 15.68 13.45
13 6.68 -9.90
5 10.62 -1.15
10 12.78 15.40
14 6.53 8.40
8 22.08 14.40
8 -1.07 9.25
10 0.73 16.55
5 -7.43 0.75
9 -3.88 -0.30
9 -10.38 7.25
8 13.68 3.65
7 -7.68 -6.45
13 10.62 -17.80
13 7.83 7.60
6 7.62 -5.10
11 6.78 -15.30
5 -22.53 5.05
10 -11.48 -0.95
13 22.43 10.65
8 2.53 9.25
5 22.53 8.40
7 -10.98 -15.50
6 -18.23 -5.60
8 -5.73 -17.70
9 21.62 -11.15
8 9.43 -3.90
12 -14.03 -15.10
8 22.18 -3.55
8 1.18 8.40
8 -10.62 3.90
10 -13.62 -16.75
5 -10.68 -8.95
6 -22.33 -14.15
9 -20.53 15.20
13 -13.48 0.45
14 -19.43 10.35
8 -12.38 -1.05
9 15.93 16.50
11 -6.33 -16.35
10 21.98 -2.15
12 -17.82 10.90
10 -6.33 -16.50
10 16.78 10.20
12 21.12 -14.95
11 -8.03 14.80
8 -11.48 -15.75
7 21.78 -7.65
6 13.12 -14.50
8 -17.07 16.75
7 10.28 -10.15
14 -14.98 -3.35
7 -6.88 -11.45
9 10.12 -14.05
11 -19.48 -16.45
6 -12.43 10.95
7 17.98 11.25
6 -6.62 -11.10
6 14.33 6.10
11 18.78 -5.80
12 -20.28 12.50
9 9.47 -11.60
7 -10.58 9.40
5 6.08 -8.95
14 -7.33 15.25
10 -17.78 17.10
14 -7.28 -5.80
5 12.48 -12.00
7 -14.38 13.75
8 -4.78 18.10
6 5.83 6.10
13 -7.62 15.00
13 -0.48 6.05
6 -9.53 5.20
8 -3.62 10.85
12 0.33 -1.60
6 9.73 1.75
13 -20.23 -4.90
10 -6.48 -17.20
7 6.28 14.50
8 -9.88 5.60
6 8.38 -7.70
8 11.68 -14.70
8 12.08 -3.35
5 -13.83 -5.30
10 0.03 8.45
7 -10.68 -18.45
9 20.38 10.65
8 -6.23 17.70
9 17.68 -6.05
7 -10.62 15.75
9 -7.98 17.60
8 3.78 7.10
10 16.53 12.75
13 5.58 2.70
7 19.68 7.05
12 21.38 10.40
8 -6.38 3.50
9 8.58 17.40
7 18.18 -17.75
6 17.32 18.35
5 15.78 0.95
8 0.58 -10.85
10 -1.68 17.85
12 -7.18 -16.05
8 22.38 12.05
6 -12.28 11.15
9 -21.23 -6.80
7 2.58 16.10
7 -9.28 5.85
12 5.08 17.05
6 12.33 6.00
13 6.83 9.50
5 -22.53 -11.10
7 2.98 -13.60
9 -20.98 11.45
9 -7.62 -9.55
9 9.73 18.70
6 -12.78 8.00
14 20.08 17.80
14 -6.53 -5.60
6 -20.78 -18.50
8 3.62 -3.30
6 7.73 18.75
5 -0.98 -8.50
3 -18.82 -15.15
12 16.03 -12.30
12 -17.57 -8.30
9 -8.78 3.50
11 20.83 6.50
6 5.48 14.60
6 -12.48 8.45
9 -20.93 16.15
9 12.78 -0.70
6 -9.33 18.75
12 -19.73 12.00
9 -17.32 18.10
10 -15.28 -16.10
7 6.03 -14.20
10 -14.48 -16.50
6 19.33 -2.70
14 -13.08 -15.55
8 -14.38 17.50
14 -3.73 -16.00
15 4.17 16.90
10 -16.88 11.50
9 -20.18 5.70
6 6.48 -14.85
12 0.88 -0.95
13 -0.28 10.15
12 -20.78 7.85
10 5.48 17.40
6 14.33 6.50
9 -3.48 10.55
4509
0 267 
0 486 
0 524 
0 546 
0 574 
0 667 
0 698 
0 741 
0 882 
0 980 
1 36 
1 58 
1 60 
1 208 
1 235 
1 236 
1 278 
1 519 
1 713 
1 892 
2 81 
2 86 
2 275 
2 344 
2 441 
2 476 
2 510 
2 547 
2 549 
2 824 
3 46 
3 137 
3 231 
3 422 
3 449 
3 583 
3 766 
3 778 
4 34 
4 184 
4 264 
4 301 
4 436 
4 471 
4 482 
4 736 
4 838 
4 916 
5 202 
5 207 
5 230 
5 286 
5 389 
5 589 
5 592 
5 683 
5 975 
6 88 
6 153 
6 464 
6 575 
6 831 
6 852 
6 862 
6 918 
7 85 
7 170 
7 363 
7 370 
7 492 
7 496 
7 639 
7 764 
7 792 
7 968 
8 19 
8 188 
8 257 
8 275 
8 549 
8 595 
8 768 
8 922 
8 1001 
9 18 
9 111 
9 163 
9 474 
9 601 
9 804 
9 813 
9 962 
9 986 
10 144 
10 178 
10 179 
10 649 
10 758 
10 818 
10 840 
10 874 
10 931 
11 24 
11 35 
11 112 
11 297 
11 460 
11 502 
11 599 
11 710 
11 907 
11 937 
12 40 
12 43 
12 151 
12 188 
12 239 
12 243 
12 341 
12 652 
12 806 
12 997 
13 70 
13 79 
13 101 
13 183 
13 420 
13 481 
13 620 
13 661 
13 775 
13 950 
14 15 
14 461 
14 626 
14 701 
14 754 
14 823 
14 851 
15 383 
15 403 
15 414 
15 461 
15 604 
15 668 
15 848 
15 851 
15 941 
16 161 
16 199 
16 254 
16 265 
16 408 
16 452 
16 467 
16 707 
16 798 
16 961 
17 294 
17 648 
17 722 
17 761 
18 62 
18 104 
18 163 
18 474 
18 516 
18 601 
18 813 
18 962 
19 81 
19 275 
19 443 
19 510 
19 535 
19 681 
19 768 
19 922 
19 1001 
20 111 
20 532 
20 539 
20 584 
20 728 
20 804 
20 813 
20 849 
21 59 
21 227 
21 263 
21 304 
21 314 
21 368 
21 395 
21 562 
21 657 
21 942 
22 72 
22 260 
22 533 
22 672 
22 675 
22 680 
22 853 
22 967 
23 125 
23 225 
23 317 
23 367 
23 417 
23 567 
23 577 
23 730 
23 865 
23 994 
24 112 
24 297 
24 362 
24 439 
24 453 
24 538 
24 600 
24 876 
24 888 
24 988 
25 272 
25 593 
25 637 
25 717 
25 757 
25 797 
25 918 
25 940 
26 98 
26 262 
26 306 
26 322 
26 586 
26 671 
26 682 
26 956 
26 958 
26 992 
27 42 
27 242 
27 276 
27 397 
27 434 
27 571 
27 642 
27 646 
27 943 
27 977 
28 72 
28 103 
28 160 
28 176 
28 260 
28 274 
28 287 
28 618 
28 619 
28 967 
29 90 
29 251 
29 375 
29 397 
29 438 
29 473 
29 553 
29 835 
30 31 
30 190 
30 734 
30 875 
30 879 
30 985 
30 989 
31 67 
31 190 
31 259 
31 354 
31 466 
31 794 
31 879 
31 985 
31 987 
32 108 
32 240 
32 386 
32 556 
32 699 
32 727 
32 836 
32 841 
32 974 
33 70 
33 79 
33 183 
33 269 
33 420 
33 640 
34 56 
34 264 
34 303 
34 482 
34 506 
34 736 
34 817 
34 838 
34 990 
35 112 
35 255 
35 338 
35 502 
35 600 
35 616 
35 710 
35 876 
35 895 
36 58 
36 177 
36 208 
36 416 
36 519 
36 598 
36 686 
36 693 
36 947 
37 118 
37 501 
37 513 
37 704 
37 807 
37 821 
37 896 
37 901 
37 915 
37 930 
38 70 
38 79 
38 183 
38 269 
38 420 
38 620 
38 640 
39 240 
39 377 
39 556 
39 699 
39 727 
39 821 
39 836 
39 915 
40 43 
40 151 
40 188 
40 239 
40 243 
40 341 
40 652 
40 806 
40 997 
41 217 
41 248 
41 347 
41 379 
41 750 
41 808 
41 828 
41 855 
41 951 
42 242 
42 382 
42 434 
42 450 
42 642 
42 646 
42 977 
43 151 
43 188 
43 243 
43 341 
43 652 
43 806 
43 997 
44 88 
44 95 
44 394 
44 464 
44 570 
44 631 
44 689 
44 729 
44 812 
44 960 
45 49 
45 187 
45 214 
45 290 
45 365 
45 522 
45 550 
45 608 
45 863 
46 137 
46 256 
46 390 
46 449 
46 583 
46 697 
46 716 
46 871 
46 925 
47 247 
47 308 
47 323 
47 396 
47 468 
47 517 
47 735 
47 755 
47 770 
47 964 
48 146 
48 210 
48 230 
48 286 
48 292 
48 355 
48 389 
48 674 
48 683 
49 178 
49 290 
49 483 
49 522 
49 608 
49 649 
49 670 
49 863 
50 186 
50 222 
50 346 
50 391 
50 430 
50 527 
50 655 
50 786 
50 857 
51 119 
51 182 
51 340 
51 406 
51 428 
51 497 
51 650 
51 789 
51 889 
52 164 
52 227 
52 263 
52 313 
52 314 
52 368 
52 657 
52 942 
53 509 
54 55 
54 106 
54 143 
54 238 
54 385 
54 400 
54 564 
54 638 
54 643 
54 765 
55 106 
55 143 
55 638 
55 643 
55 765 
56 184 
56 303 
56 387 
56 482 
56 506 
56 736 
56 838 
56 990 
57 165 
57 249 
57 307 
57 585 
57 695 
57 820 
57 946 
57 965 
57 999 
58 60 
58 208 
58 235 
58 236 
58 278 
58 487 
58 519 
58 713 
58 892 
59 263 
59 313 
59 314 
59 336 
59 644 
59 709 
59 942 
60 177 
60 208 
60 416 
60 519 
60 686 
60 693 
60 892 
60 947 
61 308 
61 339 
61 468 
61 517 
61 674 
61 735 
61 770 
61 880 
62 104 
62 163 
62 516 
62 569 
62 601 
62 950 
62 962 
63 139 
63 193 
63 456 
63 478 
63 525 
63 572 
63 991 
64 122 
64 191 
64 490 
64 647 
64 680 
64 732 
64 867 
64 935 
64 944 
65 70 
65 116 
65 181 
65 200 
65 269 
65 420 
65 470 
65 491 
65 661 
66 155 
66 211 
66 247 
66 308 
66 396 
66 504 
66 685 
66 770 
66 900 
67 190 
67 259 
67 354 
67 466 
67 734 
67 794 
67 879 
67 987 
68 92 
68 120 
68 201 
68 220 
68 254 
68 321 
68 705 
68 707 
68 809 
69 138 
69 501 
69 542 
69 704 
69 706 
69 748 
69 790 
69 901 
70 116 
70 183 
70 269 
70 470 
70 555 
70 620 
70 661 
71 114 
71 169 
71 295 
71 423 
71 440 
71 503 
71 866 
72 103 
72 160 
72 176 
72 260 
72 287 
72 618 
72 619 
72 675 
72 967 
73 198 
73 272 
73 348 
73 424 
73 458 
73 476 
73 580 
73 920 
74 136 
74 352 
74 358 
74 374 
74 745 
74 752 
74 861 
75 185 
75 331 
75 372 
75 514 
75 632 
75 636 
75 702 
75 771 
75 939 
75 982 
76 202 
76 451 
76 589 
76 592 
76 697 
76 776 
76 787 
76 805 
76 975 
77 240 
77 377 
77 556 
77 699 
77 727 
77 821 
77 836 
77 915 
78 99 
78 280 
78 284 
78 515 
78 673 
78 676 
78 740 
78 782 
78 815 
78 844 
79 183 
79 569 
79 620 
79 661 
79 775 
79 950 
79 972 
80 88 
80 153 
80 442 
80 464 
80 511 
80 570 
80 812 
80 862 
80 960 
81 175 
81 275 
81 443 
81 493 
81 510 
81 535 
81 681 
81 819 
82 213 
82 340 
82 405 
82 445 
82 512 
82 903 
82 954 
82 966 
82 979 
83 92 
83 117 
83 127 
83 271 
83 312 
83 319 
83 321 
83 536 
83 799 
83 809 
84 173 
84 237 
84 263 
84 304 
84 337 
84 365 
84 810 
84 839 
85 170 
85 300 
85 370 
85 492 
85 496 
85 610 
85 764 
85 792 
85 968 
86 344 
86 356 
86 441 
86 476 
86 547 
86 549 
86 580 
86 824 
86 854 
87 212 
87 233 
87 283 
87 284 
87 351 
87 673 
87 740 
87 815 
87 981 
88 95 
88 153 
88 360 
88 394 
88 415 
88 812 
88 852 
88 862 
88 960 
89 154 
89 166 
89 406 
89 428 
89 505 
89 654 
89 796 
89 908 
89 963 
89 983 
90 209 
90 251 
90 345 
90 375 
90 438 
90 473 
90 553 
90 793 
90 835 
91 168 
91 674 
91 712 
91 734 
91 794 
91 875 
91 989 
92 120 
92 201 
92 220 
92 312 
92 319 
92 705 
92 809 
93 261 
93 329 
93 500 
93 552 
93 662 
93 692 
93 718 
93 842 
93 945 
93 976 
94 155 
94 211 
94 371 
94 373 
94 494 
94 504 
94 614 
94 685 
94 952 
95 360 
95 394 
95 415 
95 464 
95 717 
95 759 
95 852 
96 139 
96 193 
96 456 
96 478 
96 572 
96 991 
97 115 
97 126 
97 178 
97 194 
97 268 
97 311 
97 508 
97 649 
97 726 
98 165 
98 306 
98 307 
98 322 
98 393 
98 586 
98 682 
98 820 
98 992 
99 270 
99 515 
99 676 
99 740 
99 782 
99 803 
99 815 
99 859 
100 149 
100 170 
100 281 
100 407 
100 419 
100 480 
100 816 
101 183 
101 420 
101 569 
101 775 
101 950 
102 134 
102 162 
102 180 
102 195 
102 258 
102 369 
102 543 
102 557 
102 932 
103 160 
103 176 
103 260 
103 274 
103 287 
103 619 
103 853 
104 309 
104 456 
104 569 
104 601 
104 703 
104 775 
105 151 
105 495 
105 651 
105 687 
105 696 
105 868 
105 877 
105 933 
105 997 
106 149 
106 238 
106 385 
106 733 
106 765 
106 788 
106 923 
106 996 
107 110 
107 156 
107 241 
107 366 
107 411 
107 708 
107 725 
107 773 
107 904 
108 158 
108 377 
108 386 
108 556 
108 664 
108 699 
108 727 
108 836 
108 974 
109 249 
109 332 
109 523 
109 585 
109 588 
109 628 
109 701 
109 823 
109 946 
109 965 
110 335 
110 411 
110 530 
110 641 
110 773 
110 774 
110 891 
111 129 
111 364 
111 516 
111 539 
111 584 
111 728 
111 813 
112 362 
112 439 
112 453 
112 600 
112 710 
112 876 
112 988 
113 206 
113 418 
113 427 
113 440 
113 503 
113 565 
113 581 
113 751 
113 866 
113 885 
114 169 
114 427 
114 509 
114 528 
114 534 
114 565 
114 777 
114 883 
115 268 
115 311 
115 342 
115 392 
115 633 
115 726 
115 898 
115 929 
116 181 
116 420 
116 470 
116 491 
116 555 
116 620 
116 661 
117 312 
117 330 
117 433 
117 603 
117 767 
117 799 
117 902 
118 352 
118 398 
118 501 
118 704 
118 745 
118 807 
118 896 
119 203 
119 340 
119 406 
119 428 
119 505 
119 796 
119 884 
119 993 
120 201 
120 220 
120 319 
120 321 
120 536 
120 705 
120 809 
120 881 
121 270 
121 280 
121 283 
121 515 
121 676 
121 740 
121 844 
121 859 
122 191 
122 316 
122 490 
122 680 
122 732 
122 853 
122 867 
122 944 
123 144 
123 179 
123 232 
123 361 
123 402 
123 432 
123 818 
123 840 
123 931 
124 465 
124 472 
124 537 
124 597 
124 678 
124 898 
124 909 
125 225 
125 317 
125 367 
125 417 
125 577 
125 645 
125 994 
126 194 
126 268 
126 311 
126 342 
126 392 
126 726 
126 898 
126 929 
127 312 
127 330 
127 350 
127 433 
127 767 
127 799 
127 902 
128 466 
128 712 
128 749 
128 794 
128 875 
128 985 
128 987 
129 364 
129 532 
129 539 
129 584 
129 728 
129 804 
129 813 
129 849 
130 167 
130 224 
130 331 
130 412 
130 429 
130 448 
130 702 
130 893 
130 912 
130 919 
131 204 
131 262 
131 425 
131 682 
131 744 
131 769 
131 927 
131 958 
132 135 
132 288 
132 327 
132 338 
132 459 
132 462 
132 613 
132 747 
132 873 
132 895 
133 145 
133 147 
133 273 
133 277 
133 408 
133 656 
133 955 
134 162 
134 180 
134 258 
134 293 
134 557 
134 592 
134 607 
134 714 
134 716 
134 871 
135 288 
135 320 
135 459 
135 541 
135 613 
135 747 
135 822 
136 291 
136 374 
136 437 
136 559 
136 745 
136 752 
136 753 
136 861 
137 192 
137 256 
137 390 
137 591 
137 716 
137 780 
137 925 
138 250 
138 318 
138 343 
138 542 
138 706 
138 830 
138 864 
139 140 
139 172 
139 309 
139 456 
139 525 
139 572 
139 703 
139 991 
140 172 
140 193 
140 456 
140 478 
140 525 
140 572 
140 991 
141 189 
141 305 
141 404 
141 469 
141 602 
141 772 
141 811 
141 825 
141 846 
142 215 
142 382 
142 450 
142 490 
142 647 
142 732 
142 774 
142 867 
142 944 
143 198 
143 424 
143 458 
143 609 
143 638 
143 684 
143 845 
143 920 
144 178 
144 179 
144 194 
144 402 
144 508 
144 649 
144 758 
144 840 
145 196 
145 231 
145 409 
145 422 
145 449 
145 656 
145 925 
145 955 
146 207 
146 210 
146 230 
146 286 
146 683 
146 837 
147 161 
147 273 
147 277 
147 408 
147 467 
147 955 
148 222 
148 261 
148 346 
148 431 
148 579 
148 582 
148 611 
148 655 
148 847 
148 857 
149 385 
149 407 
149 480 
149 643 
149 733 
149 788 
149 816 
149 923 
149 996 
150 241 
150 530 
150 641 
150 700 
150 725 
150 834 
150 859 
150 906 
150 1000 
151 188 
151 239 
151 243 
151 341 
151 652 
151 806 
151 854 
152 301 
152 436 
152 445 
152 471 
152 497 
152 561 
152 617 
152 791 
152 916 
153 413 
153 442 
153 464 
153 511 
153 575 
153 812 
153 852 
153 862 
154 166 
154 406 
154 428 
154 505 
154 789 
154 796 
154 889 
154 908 
154 983 
155 211 
155 296 
155 494 
155 504 
155 685 
155 887 
155 890 
155 952 
156 359 
156 366 
156 489 
156 708 
156 773 
156 774 
156 891 
156 941 
157 246 
157 319 
157 321 
157 452 
157 653 
157 705 
157 707 
157 902 
157 973 
158 377 
158 386 
158 556 
158 664 
158 836 
158 896 
158 974 
159 177 
159 208 
159 416 
159 686 
159 693 
159 947 
160 176 
160 260 
160 274 
160 287 
160 533 
160 675 
160 719 
160 967 
161 199 
161 265 
161 273 
161 408 
161 452 
161 798 
161 961 
162 180 
162 195 
162 258 
162 293 
162 557 
162 592 
162 779 
162 932 
163 474 
163 516 
163 601 
163 813 
163 962 
164 227 
164 263 
164 314 
164 368 
164 395 
164 562 
164 657 
164 942 
165 307 
165 425 
165 682 
165 958 
165 992 
165 999 
166 289 
166 406 
166 485 
166 574 
166 882 
166 908 
166 980 
166 983 
167 381 
167 412 
167 429 
167 448 
167 595 
167 635 
167 893 
167 912 
167 919 
168 190 
168 712 
168 734 
168 794 
168 875 
168 989 
169 369 
169 376 
169 423 
169 509 
169 534 
169 543 
169 777 
169 795 
170 370 
170 496 
170 639 
170 764 
170 792 
170 914 
170 968 
171 350 
171 354 
171 399 
171 622 
171 660 
171 694 
171 749 
171 985 
172 193 
172 456 
172 478 
172 525 
172 572 
172 991 
173 304 
173 337 
173 365 
173 395 
173 562 
173 810 
173 839 
173 942 
174 244 
174 296 
174 328 
174 371 
174 504 
174 614 
174 781 
174 870 
174 934 
175 245 
175 401 
175 443 
175 493 
175 526 
175 535 
175 681 
175 819 
175 858 
175 957 
176 260 
176 274 
176 287 
176 618 
176 619 
176 967 
177 208 
177 416 
178 194 
178 402 
178 508 
178 649 
178 758 
178 818 
178 863 
178 874 
179 402 
179 649 
179 758 
179 818 
179 840 
179 874 
179 931 
180 195 
180 258 
180 293 
180 543 
180 777 
180 779 
180 899 
181 200 
181 269 
181 420 
181 470 
181 491 
181 555 
181 661 
182 340 
182 428 
182 497 
182 650 
182 889 
182 993 
183 420 
183 620 
183 661 
183 775 
183 950 
183 972 
184 303 
184 353 
184 482 
184 736 
184 897 
184 913 
184 990 
185 331 
185 514 
185 632 
185 665 
185 893 
185 912 
185 919 
185 939 
186 391 
186 430 
186 454 
186 527 
186 655 
186 786 
186 847 
187 214 
187 290 
187 365 
187 522 
187 550 
187 608 
187 621 
187 670 
187 970 
188 239 
188 341 
188 549 
188 652 
188 806 
188 922 
188 1001 
189 305 
189 469 
189 577 
189 602 
189 615 
189 645 
189 772 
189 811 
189 825 
190 466 
190 734 
190 794 
190 879 
190 894 
190 987 
190 989 
191 316 
191 490 
191 680 
191 732 
191 853 
191 867 
191 944 
191 953 
192 390 
192 455 
192 521 
192 583 
192 714 
192 731 
192 766 
192 780 
193 525 
193 648 
193 761 
194 311 
194 402 
194 508 
194 649 
194 758 
194 818 
195 369 
195 534 
195 543 
195 557 
195 777 
195 795 
195 899 
195 932 
196 231 
196 409 
196 422 
196 449 
196 656 
196 778 
196 785 
196 802 
196 955 
197 334 
197 421 
197 454 
197 544 
197 606 
197 639 
197 814 
197 914 
197 968 
198 348 
198 349 
198 458 
198 576 
198 580 
198 920 
199 254 
199 265 
199 273 
199 408 
199 452 
199 467 
200 269 
200 435 
200 457 
200 470 
200 483 
200 491 
200 555 
201 220 
201 254 
201 321 
201 536 
201 705 
201 809 
202 207 
202 389 
202 463 
202 589 
202 683 
202 787 
202 805 
202 975 
203 428 
203 444 
203 796 
203 884 
203 889 
203 993 
204 262 
204 425 
204 568 
204 689 
204 744 
204 769 
204 958 
205 334 
205 378 
205 410 
205 421 
205 544 
205 558 
205 581 
205 606 
205 814 
206 295 
206 333 
206 440 
206 503 
206 594 
206 659 
206 751 
206 866 
206 885 
207 230 
207 286 
207 292 
207 389 
207 463 
207 589 
207 683 
208 416 
208 598 
208 686 
208 693 
208 947 
209 251 
209 362 
209 473 
209 538 
209 553 
209 793 
209 832 
209 835 
209 888 
210 230 
210 286 
210 292 
210 674 
210 683 
210 712 
210 837 
211 221 
211 296 
211 504 
211 573 
211 614 
211 685 
211 870 
212 280 
212 283 
212 336 
212 351 
212 644 
212 673 
212 709 
212 737 
213 245 
213 401 
213 405 
213 526 
213 858 
213 910 
213 966 
213 979 
214 365 
214 522 
214 550 
214 621 
214 670 
214 810 
214 839 
215 382 
215 490 
215 590 
215 647 
215 732 
215 867 
215 869 
215 935 
215 944 
216 309 
216 456 
216 545 
216 548 
216 572 
216 690 
216 829 
217 248 
217 306 
217 324 
217 379 
217 551 
217 808 
217 855 
217 951 
218 454 
218 527 
218 581 
218 786 
218 814 
219 381 
219 560 
219 665 
219 721 
219 843 
219 912 
219 917 
219 919 
219 936 
220 321 
220 705 
220 809 
220 881 
221 244 
221 328 
221 371 
221 573 
221 614 
221 781 
221 870 
221 894 
221 934 
222 346 
222 430 
222 527 
222 611 
222 655 
222 786 
222 847 
222 857 
223 233 
223 284 
223 351 
223 673 
223 762 
223 815 
223 850 
223 931 
223 981 
224 325 
224 436 
224 447 
224 636 
224 739 
224 746 
224 763 
224 771 
225 317 
225 367 
225 417 
225 567 
225 730 
225 865 
225 994 
225 998 
226 282 
226 295 
226 333 
226 423 
226 528 
226 578 
226 624 
226 883 
227 263 
227 336 
227 644 
227 709 
227 942 
228 358 
228 542 
228 559 
228 706 
228 748 
228 753 
228 790 
228 861 
229 405 
229 479 
229 827 
229 878 
230 286 
230 292 
230 355 
230 389 
230 463 
230 589 
230 683 
231 256 
231 409 
231 422 
231 449 
231 766 
231 785 
231 925 
232 361 
232 432 
232 446 
232 518 
232 688 
232 840 
232 931 
233 284 
233 351 
233 673 
233 740 
233 762 
233 782 
233 815 
233 981 
234 394 
234 477 
234 631 
234 687 
234 689 
234 696 
234 729 
234 744 
235 236 
235 320 
235 487 
235 519 
235 679 
235 713 
235 800 
235 892 
236 278 
236 487 
236 519 
236 679 
236 713 
236 800 
236 892 
237 263 
237 810 
237 839 
238 611 
238 638 
238 643 
238 765 
238 788 
238 923 
238 996 
239 243 
239 341 
239 652 
239 806 
239 997 
240 377 
240 499 
240 556 
240 699 
240 727 
240 836 
240 841 
241 335 
241 411 
241 530 
241 641 
241 773 
241 774 
241 891 
242 397 
242 434 
242 450 
242 571 
242 642 
242 646 
242 943 
243 341 
243 652 
243 806 
243 997 
244 259 
244 328 
244 371 
244 614 
244 781 
244 894 
244 934 
245 443 
245 493 
245 526 
245 681 
245 819 
245 910 
246 312 
246 319 
246 321 
246 902 
247 323 
247 396 
247 468 
247 735 
247 755 
247 770 
247 900 
247 905 
247 964 
248 324 
248 347 
248 379 
248 551 
248 808 
248 828 
248 855 
248 951 
249 425 
249 585 
249 695 
249 769 
249 946 
249 965 
249 971 
249 999 
250 542 
250 559 
250 706 
250 745 
250 748 
250 753 
250 790 
250 861 
251 438 
251 439 
251 473 
251 538 
251 793 
251 832 
251 835 
251 888 
252 721 
252 750 
252 808 
252 828 
252 843 
252 917 
252 936 
252 951 
253 460 
253 502 
253 518 
253 599 
253 688 
253 742 
253 743 
253 907 
254 452 
254 705 
254 707 
254 798 
254 881 
255 327 
255 338 
255 459 
255 502 
255 616 
255 710 
256 390 
256 449 
256 583 
256 778 
257 381 
257 429 
257 560 
257 595 
257 635 
257 768 
257 922 
258 293 
258 455 
258 543 
258 557 
258 607 
258 777 
258 899 
259 328 
259 734 
259 879 
259 934 
259 987 
260 274 
260 287 
260 533 
260 618 
260 619 
260 672 
260 967 
261 346 
261 431 
261 579 
261 582 
261 611 
261 692 
261 718 
261 842 
261 945 
262 322 
262 425 
262 568 
262 682 
262 956 
262 958 
262 978 
262 992 
263 314 
263 368 
263 562 
263 644 
263 657 
263 942 
264 301 
264 436 
264 471 
264 617 
264 746 
264 838 
264 916 
265 273 
265 277 
265 408 
265 452 
265 467 
265 798 
265 961 
266 315 
266 461 
266 475 
266 626 
266 719 
266 783 
266 886 
266 948 
267 353 
267 387 
267 486 
267 524 
267 546 
267 669 
267 897 
267 913 
267 984 
268 311 
268 392 
268 633 
268 711 
268 726 
268 826 
268 929 
269 470 
269 555 
269 620 
269 640 
269 661 
270 280 
270 515 
270 625 
270 676 
270 740 
270 844 
270 859 
271 312 
271 321 
271 536 
271 799 
271 809 
271 969 
272 348 
272 349 
272 651 
272 797 
272 877 
273 277 
273 408 
273 467 
273 656 
273 784 
274 287 
274 619 
274 675 
274 719 
274 967 
275 344 
275 510 
275 549 
275 768 
275 922 
275 1001 
276 388 
276 397 
276 434 
276 590 
276 642 
276 646 
276 869 
276 977 
277 408 
277 656 
277 784 
277 802 
277 955 
278 320 
278 487 
278 519 
278 679 
278 713 
278 800 
278 892 
279 444 
279 540 
279 587 
279 605 
279 663 
279 666 
279 720 
279 724 
279 884 
279 998 
280 283 
280 673 
280 740 
280 844 
280 859 
281 326 
281 407 
281 419 
281 480 
281 816 
281 857 
282 333 
282 479 
282 484 
282 528 
282 594 
282 624 
282 883 
283 284 
283 351 
283 673 
283 740 
283 924 
284 676 
284 740 
284 782 
284 815 
284 981 
285 300 
285 310 
285 323 
285 396 
285 627 
285 630 
285 690 
285 900 
285 905 
286 292 
286 355 
286 389 
286 683 
286 837 
287 618 
287 619 
287 967 
288 320 
288 462 
288 541 
288 679 
288 747 
288 800 
288 873 
289 485 
289 574 
289 654 
289 741 
289 882 
289 908 
289 963 
289 983 
290 483 
290 522 
290 550 
290 608 
290 621 
290 970 
291 352 
291 358 
291 374 
291 745 
291 752 
291 861 
292 355 
292 683 
292 837 
293 455 
293 557 
293 607 
293 714 
293 777 
293 899 
294 648 
294 722 
294 761 
295 333 
295 427 
295 440 
295 503 
295 565 
295 659 
295 751 
295 883 
296 371 
296 373 
296 504 
296 614 
296 685 
296 952 
297 362 
297 439 
297 453 
297 538 
297 600 
297 876 
297 988 
298 550 
298 621 
298 643 
298 733 
298 923 
298 970 
298 996 
299 372 
299 506 
299 514 
299 632 
299 636 
299 746 
299 771 
299 838 
299 982 
300 370 
300 610 
300 627 
300 630 
301 436 
301 561 
301 617 
301 677 
302 320 
302 487 
302 519 
302 613 
302 623 
302 679 
302 747 
302 800 
302 892 
303 482 
303 506 
303 736 
303 817 
303 838 
304 337 
304 395 
304 562 
304 657 
304 942 
305 404 
305 469 
305 602 
305 715 
305 731 
305 772 
305 825 
305 846 
306 322 
306 324 
306 347 
306 586 
306 671 
306 992 
307 322 
307 393 
307 425 
307 682 
307 820 
307 992 
308 323 
308 396 
308 468 
308 735 
308 755 
308 770 
308 900 
308 905 
308 964 
309 456 
309 525 
309 572 
309 690 
309 703 
309 723 
309 991 
310 572 
310 627 
310 630 
310 690 
310 703 
310 723 
310 991 
311 508 
311 649 
311 726 
311 818 
311 929 
312 319 
312 321 
312 612 
312 653 
312 902 
313 314 
313 336 
313 368 
313 644 
313 737 
314 644 
314 709 
314 942 
315 619 
315 675 
315 719 
315 948 
315 967 
316 618 
316 680 
316 732 
316 853 
316 867 
316 953 
317 367 
317 417 
317 577 
317 605 
317 645 
317 666 
317 730 
318 501 
318 542 
318 704 
318 706 
318 748 
318 790 
318 901 
319 321 
319 653 
319 902 
319 973 
320 462 
320 487 
320 541 
320 613 
320 679 
320 800 
320 873 
321 536 
321 705 
321 809 
322 425 
322 586 
322 671 
322 682 
322 956 
322 958 
322 992 
323 396 
323 468 
323 755 
323 770 
323 900 
323 964 
324 379 
324 551 
324 586 
324 855 
325 436 
325 445 
325 617 
325 739 
325 791 
325 903 
325 954 
326 407 
326 457 
326 480 
326 816 
327 338 
327 462 
327 710 
327 873 
327 895 
328 371 
328 614 
328 781 
328 894 
328 934 
329 500 
329 531 
329 662 
329 692 
329 842 
329 921 
329 945 
329 976 
330 350 
330 384 
330 433 
330 603 
330 799 
330 969 
331 429 
331 632 
331 665 
331 702 
331 893 
331 919 
332 426 
332 523 
332 585 
332 588 
332 695 
332 823 
332 946 
332 965 
333 427 
333 484 
333 503 
333 565 
333 594 
333 659 
333 751 
333 883 
333 885 
334 378 
334 410 
334 558 
334 581 
334 606 
334 914 
335 411 
335 450 
335 530 
335 571 
335 725 
335 773 
335 774 
335 943 
336 368 
336 644 
336 924 
337 395 
337 562 
337 810 
337 839 
338 459 
338 502 
338 616 
338 710 
338 895 
339 355 
339 468 
339 517 
339 674 
339 691 
339 735 
339 760 
339 880 
340 428 
340 497 
340 512 
340 650 
340 889 
340 993 
341 549 
341 652 
341 806 
341 854 
341 997 
342 392 
342 472 
342 634 
342 898 
343 501 
343 542 
343 706 
343 748 
343 790 
343 864 
343 901 
344 441 
344 476 
344 510 
344 547 
344 549 
344 824 
344 1001 
345 397 
345 438 
345 473 
345 553 
345 646 
345 835 
346 391 
346 500 
346 582 
346 655 
346 692 
346 718 
346 842 
346 847 
347 379 
347 551 
347 808 
347 855 
347 951 
348 349 
348 424 
348 458 
348 576 
348 580 
348 920 
349 356 
349 424 
349 476 
349 580 
349 920 
349 933 
350 384 
350 612 
350 660 
350 694 
350 767 
350 799 
351 673 
351 762 
351 850 
351 924 
352 374 
352 437 
352 501 
352 513 
352 745 
352 753 
352 930 
353 387 
353 486 
353 669 
353 736 
353 913 
353 984 
353 990 
354 622 
354 694 
354 749 
354 985 
355 683 
355 837 
356 476 
356 547 
356 576 
356 580 
356 824 
356 854 
356 933 
357 386 
357 664 
357 801 
358 374 
358 437 
358 559 
358 745 
358 753 
358 861 
359 366 
359 489 
359 604 
359 708 
359 848 
359 891 
359 904 
359 941 
360 394 
360 593 
360 637 
360 717 
360 759 
360 852 
360 940 
360 960 
361 432 
361 446 
361 518 
361 599 
361 688 
361 742 
361 937 
362 439 
362 453 
362 538 
362 554 
362 793 
362 888 
362 988 
363 378 
363 410 
363 492 
363 544 
363 639 
363 764 
363 792 
363 914 
363 968 
364 532 
364 539 
364 584 
364 728 
364 804 
364 813 
364 849 
365 522 
365 550 
365 670 
365 810 
365 839 
366 708 
366 773 
366 774 
366 891 
366 941 
367 417 
367 577 
367 615 
367 645 
367 811 
367 865 
368 644 
368 709 
368 942 
369 376 
369 520 
369 534 
369 543 
369 777 
369 899 
370 492 
370 496 
370 610 
370 764 
370 792 
370 968 
371 373 
371 504 
371 934 
372 506 
372 514 
372 632 
372 636 
372 746 
372 771 
372 938 
372 982 
373 504 
373 685 
373 872 
373 887 
373 890 
373 926 
373 952 
374 398 
374 437 
374 745 
374 753 
374 861 
375 397 
375 438 
375 473 
375 646 
376 520 
376 534 
376 543 
376 565 
376 777 
376 795 
377 386 
377 556 
377 664 
377 699 
377 727 
377 974 
378 421 
378 544 
378 606 
378 860 
378 914 
379 551 
379 808 
379 828 
379 855 
379 951 
380 451 
380 592 
380 697 
380 776 
380 787 
380 975 
381 429 
381 560 
381 595 
381 635 
381 893 
381 912 
381 919 
382 450 
382 642 
382 647 
382 773 
382 774 
382 935 
382 943 
383 403 
383 414 
383 461 
383 626 
383 754 
383 783 
383 851 
383 886 
384 433 
384 603 
384 612 
384 799 
384 969 
385 638 
385 643 
385 733 
385 765 
385 788 
385 923 
385 996 
386 623 
386 836 
386 841 
386 974 
387 486 
387 669 
387 897 
387 913 
387 984 
387 990 
388 397 
388 434 
388 590 
388 642 
388 646 
388 869 
388 977 
389 463 
389 589 
389 787 
389 975 
390 521 
390 583 
390 591 
390 714 
390 766 
390 780 
390 925 
391 430 
391 527 
391 552 
391 655 
391 718 
391 786 
391 847 
391 856 
392 472 
392 633 
392 634 
392 909 
393 425 
393 682 
393 958 
393 992 
393 999 
394 415 
394 464 
394 759 
394 812 
394 852 
395 657 
395 942 
396 468 
396 735 
396 755 
396 770 
396 900 
396 905 
396 964 
397 434 
397 642 
397 646 
397 977 
398 437 
398 501 
398 513 
398 753 
398 861 
399 433 
399 653 
399 660 
399 694 
399 749 
399 902 
400 424 
400 458 
400 609 
400 638 
400 684 
400 845 
401 443 
401 493 
401 526 
401 681 
401 819 
401 858 
401 910 
402 649 
402 758 
402 818 
402 840 
402 874 
403 461 
403 626 
403 701 
403 754 
403 851 
403 886 
404 469 
404 521 
404 591 
404 715 
404 731 
404 780 
404 846 
405 827 
405 858 
405 910 
405 928 
405 966 
405 979 
406 428 
406 789 
406 796 
406 889 
406 983 
406 993 
407 480 
407 733 
407 788 
407 816 
407 923 
407 996 
408 467 
408 784 
409 488 
409 766 
409 778 
409 925 
410 421 
410 544 
410 606 
410 639 
410 860 
410 914 
411 530 
411 641 
411 725 
411 773 
411 774 
411 891 
412 429 
412 635 
412 893 
412 912 
412 919 
413 464 
413 575 
413 831 
413 852 
413 862 
413 918 
414 461 
414 626 
414 701 
414 754 
414 851 
414 886 
415 464 
415 593 
415 717 
415 759 
415 852 
415 960 
416 519 
416 598 
416 686 
416 693 
416 947 
417 567 
417 730 
417 865 
417 994 
417 998 
418 454 
418 527 
418 581 
418 786 
418 814 
419 480 
419 857 
420 470 
420 555 
420 620 
420 661 
421 544 
421 558 
421 581 
421 606 
421 914 
422 449 
422 766 
422 778 
422 925 
423 427 
423 509 
423 528 
423 534 
423 565 
423 777 
423 795 
424 458 
424 576 
424 920 
425 568 
425 682 
425 992 
425 999 
426 523 
426 588 
426 626 
426 628 
426 701 
426 754 
426 783 
426 823 
427 440 
427 503 
427 751 
427 866 
427 883 
428 650 
428 789 
428 796 
428 889 
428 993 
429 448 
429 635 
429 893 
429 912 
429 919 
430 527 
430 655 
430 786 
430 847 
430 857 
431 579 
431 582 
431 609 
431 611 
431 684 
431 842 
431 845 
432 446 
432 518 
432 688 
432 742 
432 743 
432 937 
433 603 
433 612 
433 694 
433 767 
433 799 
434 571 
434 642 
434 977 
435 457 
435 470 
435 483 
435 491 
435 555 
436 471 
436 617 
436 677 
436 763 
436 916 
437 745 
437 752 
437 753 
437 861 
438 473 
438 793 
438 832 
438 835 
439 538 
439 600 
439 793 
439 832 
439 876 
439 888 
440 503 
440 565 
440 751 
440 866 
440 885 
441 476 
441 547 
441 576 
441 580 
441 824 
441 920 
442 464 
442 812 
442 831 
442 833 
442 862 
443 526 
443 681 
444 540 
444 605 
444 666 
444 720 
444 724 
444 730 
444 884 
444 998 
445 447 
445 561 
445 617 
445 677 
445 763 
445 791 
446 460 
446 502 
446 518 
446 599 
446 688 
446 742 
446 907 
447 617 
447 739 
447 763 
447 791 
447 903 
447 954 
448 739 
448 893 
448 912 
448 919 
449 778 
449 802 
449 925 
449 955 
450 571 
450 642 
450 773 
450 774 
450 943 
450 977 
451 697 
451 787 
451 805 
451 975 
452 467 
452 707 
452 798 
452 961 
453 538 
453 554 
453 907 
454 527 
454 786 
454 814 
454 856 
455 583 
455 591 
455 607 
455 714 
455 899 
456 525 
456 572 
456 703 
456 723 
456 991 
457 470 
457 483 
457 491 
458 576 
458 920 
459 462 
459 613 
459 747 
459 873 
459 895 
460 518 
460 599 
460 688 
460 710 
460 937 
461 489 
461 604 
461 668 
461 848 
461 886 
462 541 
462 613 
462 747 
462 822 
463 589 
463 592 
463 683 
463 975 
464 812 
464 852 
464 862 
464 960 
465 532 
465 584 
465 633 
465 634 
465 711 
465 728 
465 826 
465 849 
466 794 
466 875 
466 879 
466 985 
466 989 
467 798 
467 961 
468 517 
468 691 
468 755 
468 760 
468 770 
469 602 
469 715 
469 731 
469 772 
469 825 
469 846 
470 491 
470 555 
471 497 
471 561 
471 617 
471 677 
472 537 
472 597 
472 633 
472 678 
472 711 
472 898 
472 909 
473 553 
473 793 
473 835 
474 516 
474 658 
474 804 
474 813 
474 864 
474 962 
474 986 
474 995 
475 498 
475 626 
475 754 
475 886 
475 948 
476 547 
476 576 
476 580 
476 824 
476 920 
477 568 
477 631 
477 687 
477 689 
477 696 
477 729 
477 744 
477 978 
478 545 
478 548 
478 872 
478 887 
478 890 
478 926 
479 484 
479 594 
479 624 
479 659 
479 751 
479 878 
480 733 
480 816 
480 923 
481 569 
481 661 
481 775 
481 950 
482 506 
482 736 
482 838 
482 990 
483 491 
483 522 
483 608 
483 621 
483 970 
484 503 
484 624 
484 659 
484 751 
484 883 
485 574 
485 741 
485 882 
485 908 
485 980 
485 983 
486 524 
486 546 
486 669 
486 897 
486 913 
486 984 
487 679 
487 713 
487 800 
487 822 
487 892 
488 521 
488 715 
488 731 
488 766 
488 778 
488 785 
488 846 
489 604 
489 668 
489 708 
489 848 
489 941 
490 647 
490 680 
490 867 
490 935 
490 944 
490 953 
491 555 
492 496 
492 544 
492 639 
492 792 
492 914 
492 968 
493 526 
493 681 
494 504 
494 685 
494 829 
494 887 
494 890 
494 926 
494 952 
495 637 
495 696 
495 756 
495 868 
495 877 
495 933 
495 997 
496 610 
496 639 
496 764 
496 792 
496 968 
497 561 
497 650 
497 677 
497 789 
497 993 
498 523 
498 588 
498 626 
498 701 
498 754 
498 783 
498 823 
499 556 
499 699 
499 727 
499 742 
499 743 
499 836 
499 841 
500 552 
500 692 
500 718 
500 842 
500 856 
500 945 
501 704 
501 745 
501 901 
502 599 
502 688 
502 710 
502 907 
502 937 
503 565 
503 659 
503 866 
503 885 
504 614 
504 952 
505 587 
505 654 
505 796 
505 884 
505 908 
505 963 
505 983 
506 636 
506 746 
506 817 
506 838 
507 540 
507 587 
507 654 
507 663 
507 724 
507 884 
507 963 
507 998 
508 649 
508 726 
508 758 
508 818 
508 929 
509 534 
509 543 
509 777 
509 795 
509 899 
510 549 
510 768 
510 922 
510 1001 
511 575 
511 812 
511 831 
511 833 
511 862 
512 903 
512 954 
512 966 
512 979 
513 704 
513 745 
513 807 
513 896 
513 930 
514 636 
514 665 
514 702 
514 939 
514 982 
515 676 
515 740 
515 803 
515 859 
516 601 
516 804 
516 813 
516 962 
517 691 
517 735 
517 755 
517 760 
517 770 
517 880 
518 599 
518 688 
518 743 
518 907 
518 937 
519 679 
519 713 
519 800 
519 892 
520 534 
520 565 
520 795 
520 885 
521 591 
521 731 
521 766 
521 778 
521 846 
522 621 
522 670 
522 970 
523 588 
523 701 
523 754 
523 823 
523 851 
524 546 
524 667 
524 669 
524 698 
524 913 
524 980 
524 984 
525 648 
525 761 
526 535 
526 681 
526 819 
526 910 
527 655 
527 847 
527 856 
528 565 
528 883 
529 563 
529 596 
529 629 
529 676 
529 738 
529 782 
529 803 
529 949 
530 641 
530 725 
530 773 
530 906 
530 1000 
531 827 
531 858 
531 878 
531 928 
531 976 
532 584 
532 678 
532 728 
532 826 
532 849 
532 911 
533 619 
533 672 
533 675 
533 719 
533 967 
534 543 
534 899 
535 681 
536 809 
536 881 
537 597 
537 633 
537 634 
537 678 
537 711 
537 901 
537 909 
538 793 
538 832 
538 835 
538 888 
538 988 
539 584 
539 804 
539 849 
539 911 
540 587 
540 654 
540 663 
540 720 
540 884 
540 998 
541 613 
541 747 
541 800 
541 822 
541 873 
542 658 
542 706 
542 790 
542 864 
543 557 
543 795 
543 899 
544 558 
544 606 
544 639 
544 764 
544 860 
544 968 
545 548 
545 572 
545 723 
545 829 
545 872 
545 887 
545 890 
545 926 
545 991 
546 669 
546 698 
546 913 
546 984 
547 580 
547 920 
548 723 
548 829 
548 872 
548 887 
548 890 
548 926 
548 991 
549 652 
549 768 
549 854 
549 922 
549 1001 
550 608 
550 839 
550 970 
551 808 
551 828 
551 855 
551 951 
552 718 
552 786 
552 847 
553 629 
553 738 
553 793 
553 835 
554 907 
554 988 
555 661 
556 699 
556 836 
556 974 
557 779 
557 899 
557 932 
558 606 
558 860 
558 914 
559 706 
559 745 
559 753 
559 861 
560 595 
560 635 
560 665 
560 721 
560 893 
560 912 
560 919 
561 617 
561 650 
561 677 
561 903 
561 916 
562 657 
562 942 
563 596 
563 738 
563 782 
563 803 
563 815 
563 949 
563 981 
564 638 
564 643 
564 765 
565 751 
565 866 
566 658 
566 706 
566 748 
566 790 
566 864 
566 995 
567 577 
567 615 
567 645 
567 811 
567 865 
568 682 
568 744 
568 769 
568 927 
568 958 
569 661 
569 775 
569 950 
570 812 
570 960 
571 642 
571 977 
572 690 
572 703 
572 723 
572 991 
573 614 
573 734 
573 989 
574 667 
574 741 
574 908 
574 980 
575 831 
575 833 
575 862 
576 580 
576 920 
577 615 
577 645 
577 730 
577 811 
577 994 
578 594 
578 624 
578 659 
578 883 
579 582 
579 609 
579 684 
579 692 
579 842 
579 845 
580 824 
580 920 
580 933 
581 814 
581 866 
582 611 
582 655 
582 692 
582 718 
582 842 
583 591 
583 714 
583 716 
583 871 
583 925 
584 728 
584 804 
584 849 
585 628 
585 695 
585 769 
585 946 
585 965 
585 971 
586 671 
586 682 
586 855 
586 956 
586 992 
587 654 
587 663 
587 724 
587 884 
587 963 
587 998 
588 628 
588 701 
588 754 
588 823 
588 851 
589 592 
589 683 
589 787 
589 975 
590 642 
590 647 
590 867 
590 944 
591 714 
591 731 
591 766 
591 780 
592 697 
592 805 
592 871 
592 975 
593 637 
593 717 
593 757 
593 759 
593 797 
593 918 
593 940 
594 751 
594 883 
595 635 
595 912 
595 919 
596 629 
596 676 
596 738 
596 782 
596 803 
596 815 
597 633 
597 634 
597 704 
597 711 
597 901 
597 909 
598 693 
598 947 
599 688 
599 742 
599 907 
600 616 
600 888 
601 813 
601 962 
602 615 
602 772 
602 811 
602 825 
603 612 
603 767 
603 799 
603 969 
604 668 
604 708 
604 848 
604 904 
604 941 
605 645 
605 720 
605 730 
605 994 
605 998 
606 639 
606 914 
606 968 
607 714 
607 777 
607 899 
608 670 
608 863 
608 970 
609 638 
610 792 
611 655 
611 847 
611 857 
612 767 
612 799 
612 902 
613 679 
613 747 
613 800 
613 822 
613 873 
614 685 
614 870 
614 894 
615 645 
615 730 
615 994 
616 710 
616 876 
616 895 
617 677 
617 763 
617 916 
618 619 
618 853 
619 675 
619 719 
620 640 
620 972 
621 970 
622 653 
622 660 
622 694 
622 749 
622 902 
623 664 
623 801 
623 974 
624 659 
624 883 
625 700 
625 737 
625 831 
625 833 
625 834 
625 859 
625 959 
626 754 
626 783 
626 886 
627 630 
627 690 
628 695 
628 946 
628 965 
628 971 
629 738 
629 803 
629 835 
629 949 
630 690 
630 703 
630 723 
631 687 
631 689 
631 729 
631 744 
631 927 
632 665 
632 702 
632 771 
632 939 
632 982 
633 634 
633 678 
633 826 
633 849 
633 909 
634 678 
634 711 
634 898 
634 909 
635 893 
635 912 
635 919 
636 702 
636 746 
636 838 
636 938 
637 717 
637 757 
637 759 
637 797 
637 868 
637 940 
638 684 
638 845 
639 764 
639 792 
639 860 
639 968 
640 972 
641 725 
641 834 
641 906 
641 1000 
642 646 
642 943 
642 977 
643 733 
643 765 
643 788 
643 923 
643 996 
644 709 
644 924 
645 730 
645 811 
645 994 
646 977 
647 732 
647 867 
647 869 
647 935 
648 722 
648 761 
649 818 
649 874 
650 789 
650 889 
650 993 
651 696 
651 756 
651 797 
651 868 
651 877 
651 933 
652 806 
652 854 
652 997 
652 1001 
653 902 
654 724 
654 796 
654 884 
654 908 
654 963 
654 983 
655 718 
655 786 
655 847 
655 857 
656 784 
656 802 
656 955 
657 942 
658 748 
658 790 
658 830 
658 864 
658 986 
659 751 
659 883 
660 694 
660 749 
662 945 
662 976 
663 720 
663 724 
663 884 
663 998 
664 836 
664 841 
664 974 
665 702 
665 912 
665 919 
665 936 
665 939 
666 720 
666 730 
666 994 
666 998 
667 698 
667 741 
667 882 
667 980 
668 848 
668 886 
668 941 
669 897 
669 913 
669 984 
670 863 
671 682 
671 855 
671 992 
672 675 
672 967 
673 676 
673 740 
673 782 
673 815 
673 981 
674 691 
674 712 
674 760 
674 837 
675 719 
675 967 
676 740 
676 782 
676 803 
676 815 
676 844 
677 916 
678 711 
678 826 
678 849 
679 822 
679 892 
680 732 
680 853 
680 935 
680 953 
681 819 
682 956 
682 958 
682 999 
683 837 
685 887 
685 952 
686 693 
686 947 
687 696 
687 729 
687 756 
687 868 
688 742 
688 907 
689 729 
689 744 
689 927 
689 960 
689 978 
690 703 
690 723 
690 991 
691 735 
691 770 
691 880 
692 718 
692 945 
694 749 
695 946 
695 965 
695 999 
696 717 
696 756 
696 759 
696 868 
697 716 
697 776 
697 805 
697 871 
697 975 
698 741 
698 882 
698 980 
699 974 
700 831 
700 833 
700 834 
700 906 
700 1000 
701 754 
701 851 
702 938 
702 939 
703 991 
704 807 
704 901 
704 930 
705 707 
705 809 
705 881 
706 748 
706 790 
706 830 
707 881 
708 848 
708 891 
708 904 
708 941 
709 924 
710 895 
710 907 
711 826 
711 849 
711 909 
712 734 
712 794 
712 875 
712 989 
713 892 
714 716 
715 731 
715 766 
715 785 
715 825 
717 757 
717 852 
717 940 
718 842 
718 847 
718 856 
719 948 
719 967 
720 724 
720 730 
720 998 
721 750 
721 843 
721 912 
721 917 
721 936 
722 761 
723 829 
724 884 
724 998 
725 773 
725 774 
725 891 
726 826 
726 911 
727 974 
728 804 
728 849 
729 744 
729 960 
731 766 
731 780 
731 846 
732 867 
732 935 
732 944 
732 953 
733 788 
733 816 
733 923 
733 996 
734 794 
734 870 
734 875 
734 879 
734 894 
734 989 
735 755 
735 770 
736 817 
736 838 
737 924 
738 803 
738 835 
738 949 
739 763 
739 791 
739 938 
740 782 
740 815 
740 844 
741 882 
741 908 
741 963 
741 980 
742 743 
742 937 
743 841 
743 937 
744 769 
744 927 
744 978 
745 861 
746 838 
746 938 
747 822 
747 873 
748 830 
748 864 
749 985 
749 987 
750 808 
750 828 
750 843 
750 917 
750 936 
750 951 
751 866 
751 883 
751 885 
752 753 
752 861 
753 861 
754 783 
754 851 
755 770 
755 905 
755 964 
756 868 
756 877 
756 933 
756 997 
757 759 
757 797 
757 918 
758 818 
758 874 
759 852 
759 940 
759 960 
760 770 
760 880 
762 850 
762 931 
762 981 
763 791 
763 954 
764 792 
764 914 
764 968 
765 996 
766 780 
766 785 
766 925 
767 969 
768 922 
768 1001 
769 927 
769 978 
770 964 
771 838 
771 938 
772 811 
772 825 
772 846 
773 774 
773 891 
773 904 
775 950 
775 972 
776 787 
776 805 
776 975 
777 795 
777 899 
778 785 
778 925 
779 899 
779 932 
780 925 
781 934 
782 803 
782 844 
783 886 
783 948 
784 802 
784 955 
785 925 
786 847 
787 805 
788 923 
788 996 
789 889 
789 993 
790 830 
790 864 
791 903 
791 954 
792 860 
792 914 
792 968 
793 832 
793 835 
793 888 
794 875 
794 879 
794 985 
794 987 
794 989 
795 899 
796 884 
796 889 
796 983 
797 877 
797 940 
799 969 
800 822 
800 892 
802 955 
803 815 
803 844 
803 949 
804 813 
805 871 
805 975 
806 997 
807 821 
807 915 
807 930 
812 852 
812 960 
813 986 
813 995 
815 981 
816 923 
816 996 
817 838 
817 990 
820 958 
820 992 
821 896 
821 915 
821 930 
822 873 
823 851 
824 920 
825 846 
826 849 
826 911 
826 929 
827 858 
827 878 
827 921 
827 928 
827 957 
827 966 
828 843 
828 917 
828 951 
829 887 
829 890 
829 926 
829 952 
829 991 
830 864 
830 986 
830 995 
831 862 
831 959 
832 835 
832 876 
832 888 
833 834 
833 862 
833 959 
834 906 
834 959 
834 1000 
836 974 
838 938 
840 874 
840 931 
841 974 
842 945 
843 917 
843 936 
843 939 
844 859 
847 857 
848 941 
849 911 
850 931 
850 981 
852 862 
852 960 
853 953 
854 933 
854 997 
855 956 
858 910 
858 928 
858 957 
860 914 
862 960 
863 874 
864 986 
864 995 
866 885 
867 935 
867 944 
867 953 
868 877 
869 944 
870 894 
870 989 
872 887 
872 890 
872 926 
872 952 
875 879 
875 985 
875 987 
875 989 
876 888 
877 933 
878 921 
878 928 
878 957 
878 976 
879 989 
882 908 
882 980 
884 889 
884 983 
887 926 
887 952 
889 993 
890 926 
890 952 
891 904 
893 912 
894 989 
896 930 
897 913 
897 984 
897 990 
898 909 
900 964 
901 930 
902 973 
904 941 
905 964 
906 959 
907 937 
908 963 
908 983 
910 979 
913 984 
914 968 
917 936 
917 951 
918 940 
921 928 
921 957 
921 976 
923 996 
926 952 
927 978 
928 957 
928 976 
933 997 
935 944 
936 939 
939 982 
943 977 
944 953 
945 976 
946 965 
946 971 
948 967 
956 992 
957 976 
958 992 
958 999 
959 1000 
963 983 
965 971 
966 979 
971 999 
985 987 
986 995 
987 989 
992 999 
