1002
10 1.53 -15.60
9 40.63 11.65
9 1.43 -16.45
10 38.68 5.60
7 13.93 13.65
6 2.43 -14.95
9 10.78 8.90
9 42.73 -9.95
10 4.58 -3.10
10 5.03 -13.80
10 5.63 -10.85
9 1.43 -11.55
9 19.93 14.40
9 9.93 13.85
8 30.53 -6.70
9 21.88 10.65
10 18.28 -0.45
10 28.13 -1.80
8 18.58 -2.30
9 0.83 11.00
6 4.48 -11.15
10 20.63 4.70
10 40.48 1.70
10 19.08 -4.35
10 11.23 13.75
9 4.48 -9.15
9 3.93 9.55
10 41.08 0.50
10 41.98 -16.20
8 0.78 -18.15
9 13.28 -3.55
9 23.38 -9.05
9 37.18 13.40
10 39.28 -0.40
10 30.58 -2.65
8 30.48 -10.10
9 11.58 -13.00
7 23.28 -2.20
10 33.43 -5.40
10 32.68 8.70
8 11.38 1.50
9 32.53 -10.45
10 5.43 -3.05
9 37.28 -1.25
10 7.13 1.40
9 29.63 -3.00
9 6.33 -13.95
10 6.68 1.75
8 -0.42 1.85
9 23.23 -13.90
9 40.53 -16.10
8 15.48 -1.25
9 40.33 -2.85
10 32.68 3.40
10 21.28 7.55
9 31.83 8.90
10 13.68 0.90
10 23.93 -10.85
10 37.33 11.90
11 22.58 -12.20
10 33.48 -9.00
8 12.63 12.55
9 36.68 1.55
10 14.03 -14.80
10 13.13 -9.20
9 22.78 1.05
10 38.13 4.65
8 15.78 1.60
9 29.08 -4.45
10 40.38 10.05
10 33.93 -6.80
7 13.68 13.45
7 21.93 12.10
10 31.03 -2.90
8 5.68 -0.45
10 41.43 9.05
10 2.23 -9.80
9 37.38 -0.20
10 41.78 7.05
9 19.78 0.55
9 20.68 -4.55
8 9.73 14.20
7 41.83 5.65
10 19.63 13.95
10 45.38 0.65
10 14.58 7.50
7 4.58 7.80
9 38.23 -15.05
9 33.48 3.15
9 40.73 7.00
10 4.63 -8.20
10 13.73 3.20
9 28.18 -4.75
7 13.93 13.80
10 20.28 12.60
9 33.28 7.65
10 29.63 -15.50
10 32.83 4.05
9 11.38 -5.80
8 28.93 2.50
10 22.33 14.70
8 2.93 1.30
9 37.23 13.20
9 20.48 -13.95
9 11.58 4.30
10 14.58 11.00
11 19.88 -0.85
10 11.43 -15.55
9 15.23 -11.85
8 15.23 -11.65
10 11.63 -3.00
9 14.83 3.05
10 13.78 -10.10
9 32.48 -5.90
9 3.28 -7.70
10 30.13 2.35
8 38.83 -7.60
10 20.73 -1.35
10 3.43 2.20
10 4.53 -13.00
8 4.68 7.35
10 13.63 11.15
10 4.33 -4.30
9 39.98 0.70
10 42.28 -14.50
9 36.78 14.55
10 21.58 -2.65
9 13.13 -12.50
9 4.13 -11.30
9 40.08 -13.05
8 41.33 -4.05
8 19.93 -16.10
9 18.13 -1.70
8 37.63 11.05
9 32.18 -12.25
9 39.68 3.05
11 29.93 10.10
8 22.68 14.45
10 28.08 -15.90
11 14.13 12.00
9 40.63 11.00
8 41.88 14.05
9 23.38 2.25
9 11.38 6.00
9 21.78 -0.50
8 6.13 1.75
8 2.98 11.85
9 10.38 11.95
8 10.53 -17.60
10 10.68 -13.40
7 12.53 -6.45
9 11.83 6.25
10 37.98 2.35
9 37.78 5.90
8 3.68 -4.40
11 4.83 -2.20
9 40.58 11.90
9 11.78 7.95
9 8.18 0.25
9 23.48 -0.60
9 38.48 -0.30
12 29.58 -2.75
10 20.88 -13.25
11 22.38 -14.05
8 12.38 3.55
10 1.23 12.25
10 40.68 -15.25
9 37.83 12.25
9 30.38 -14.65
10 44.13 0.10
9 37.73 11.00
9 31.63 -7.30
8 38.63 -7.70
11 13.53 -7.65
9 3.43 7.00
10 23.08 5.90
10 9.13 -1.10
9 12.58 1.60
9 3.48 -11.25
9 5.78 9.40
10 22.43 7.20
10 23.03 -15.05
6 27.68 9.10
8 18.13 -2.30
10 11.63 -11.05
6 12.23 -6.35
8 1.68 6.45
10 18.73 0.50
10 24.73 -4.55
6 31.78 -16.10
10 28.03 10.65
9 4.53 1.10
6 2.28 -14.65
8 2.98 1.20
9 6.58 2.90
7 40.33 -13.25
9 21.98 8.80
7 15.73 -1.70
10 31.98 3.55
9 36.28 0.50
7 39.48 -2.95
8 34.38 -18.15
10 39.28 -6.95
9 9.68 1.55
10 27.98 -9.20
10 12.38 -0.70
9 14.58 -5.80
11 39.33 10.35
8 6.28 8.55
10 20.08 -14.45
7 41.48 6.05
7 34.13 -0.55
9 28.08 -12.30
10 1.58 -7.00
10 12.88 8.75
12 37.93 11.65
8 13.98 9.85
10 30.98 -3.65
9 37.68 9.90
8 3.08 -1.25
10 5.73 4.95
11 5.03 -10.80
10 40.88 7.40
9 24.03 -13.50
6 15.73 -1.45
8 28.73 -1.95
10 28.23 1.15
9 7.93 1.20
9 31.08 -5.65
8 1.33 -12.25
12 41.68 10.35
9 12.78 12.20
11 5.23 3.35
8 6.18 3.05
9 23.13 2.80
9 23.98 -2.60
9 30.83 3.15
9 23.03 6.95
11 32.13 -5.85
7 39.68 8.45
8 15.68 -16.85
9 11.08 -12.30
9 13.78 -8.15
8 1.83 -16.95
5 18.98 -17.20
11 1.03 -15.30
9 39.28 -10.40
9 31.68 0.65
9 22.43 1.95
10 32.73 -4.85
8 32.08 5.35
7 12.73 9.70
10 20.23 -0.10
11 40.18 -13.70
9 41.88 12.05
9 23.68 -4.25
8 10.33 6.60
10 21.33 10.30
10 41.88 -4.85
8 1.18 3.85
8 33.13 -8.00
8 36.48 12.95
8 6.28 -9.30
9 37.93 -4.60
10 2.23 -3.85
10 29.78 -14.80
9 31.28 -13.30
10 0.73 6.00
8 21.18 -11.50
8 4.48 -11.55
8 7.08 -17.00
8 12.53 12.35
10 3.63 -10.90
10 28.63 -9.60
12 11.63 11.55
10 12.73 -16.45
8 40.38 4.35
11 40.68 -7.75
11 19.68 -1.45
10 12.68 6.75
9 1.33 9.15
10 21.83 12.50
8 1.78 6.85
8 22.53 14.05
10 42.58 0.15
10 22.08 -5.30
8 30.13 13.80
7 44.13 -1.60
9 31.58 -10.80
9 41.53 7.70
10 1.63 -2.20
8 43.23 -2.45
8 29.78 12.60
9 14.68 4.45
8 28.53 -6.90
8 23.88 9.50
9 19.13 2.60
12 12.88 12.75
8 19.58 10.75
13 12.88 -12.95
11 11.53 7.45
12 39.88 -5.45
8 2.33 11.35
11 29.83 -0.15
11 20.53 -15.30
10 0.98 8.00
9 23.78 14.20
8 14.63 13.15
8 1.28 -7.70
9 6.33 9.30
10 38.13 -10.95
12 14.68 -12.40
11 32.18 10.55
9 37.98 9.20
6 12.33 -6.15
11 28.48 6.55
11 39.38 5.05
9 38.88 -8.70
10 12.03 6.15
6 0.43 13.55
9 19.63 13.15
7 13.23 7.20
8 46.68 -0.50
8 18.93 11.05
13 31.58 -4.55
9 31.98 -3.30
11 31.93 -14.80
8 14.83 -11.35
11 4.13 10.30
9 38.53 -15.90
11 22.38 8.30
10 22.48 4.55
8 28.73 -13.60
7 3.48 -4.30
6 30.88 -9.05
9 5.83 -14.00
9 23.88 -4.75
8 10.08 7.55
11 32.18 -10.95
9 32.33 -3.00
7 42.48 3.95
7 10.43 6.25
10 33.23 -15.10
10 38.33 -1.20
8 42.03 -5.95
8 12.33 10.45
11 30.93 2.65
10 2.98 -5.20
9 39.28 9.85
8 6.23 -0.70
8 28.83 2.75
8 23.73 -1.20
10 23.83 -2.95
8 30.43 -6.50
12 1.98 9.55
7 12.33 -6.10
8 38.68 -17.25
8 2.58 -7.60
13 1.48 0.15
13 1.58 1.65
5 32.93 14.75
10 37.88 -1.65
9 50.33 -0.35
8 10.98 3.95
9 38.83 -11.25
9 23.73 12.95
7 5.78 1.50
9 29.33 -2.05
11 39.98 2.25
10 42.08 -1.60
13 30.13 1.45
10 27.98 -9.95
11 38.58 -6.10
8 33.63 -14.90
8 14.78 -9.50
9 3.93 -13.35
10 11.33 3.15
8 3.03 -4.85
9 9.88 -2.90
9 22.63 2.70
9 13.93 8.80
6 15.43 -9.70
12 23.38 -2.65
9 3.48 -11.50
7 32.88 -5.60
8 41.83 0.50
11 40.63 -3.10
9 20.73 -10.95
10 27.48 6.85
7 23.38 -8.05
5 9.78 9.85
8 9.88 8.55
7 28.08 -16.65
10 18.23 2.15
11 22.03 9.05
6 21.73 -11.20
8 5.73 1.70
10 38.28 11.30
10 19.03 4.15
7 14.23 10.00
6 42.28 -17.25
8 12.73 10.55
12 22.23 -13.45
9 14.28 -16.60
8 41.13 -8.20
9 12.18 -7.10
9 8.33 1.00
10 1.18 -2.45
9 6.03 6.85
8 27.88 4.40
9 15.03 -5.05
11 30.28 -15.05
8 27.93 4.05
12 21.33 14.25
8 39.53 7.90
10 33.13 0.15
8 12.58 -16.65
10 29.03 -11.10
10 39.18 7.35
7 15.18 14.40
9 20.08 -15.65
8 1.18 -12.50
7 33.73 -4.35
11 21.73 12.55
9 4.98 -1.10
9 23.93 -12.60
11 2.88 7.90
9 11.53 1.30
10 12.93 -10.60
10 23.33 1.35
8 5.58 -0.50
13 28.93 -14.40
12 30.03 -3.10
8 19.03 9.25
9 14.68 -2.20
7 14.03 -12.20
9 6.58 -14.15
8 23.48 5.30
3 6.18 -5.95
9 23.23 -13.80
11 2.58 8.15
8 33.93 2.00
9 28.58 -6.85
10 14.98 -15.80
9 14.68 4.05
7 1.53 -18.30
8 2.73 1.25
10 10.28 -0.90
13 13.13 13.25
7 1.48 4.05
6 0.88 -6.00
10 21.93 7.95
9 51.28 -1.05
12 6.13 -1.25
12 6.53 -1.70
10 34.78 -0.05
6 1.38 -17.35
11 4.78 9.35
10 22.98 4.15
8 3.48 -16.90
10 21.23 14.65
8 1.98 -6.00
9 1.53 -2.95
8 31.33 -2.60
10 12.58 4.55
11 39.13 -4.60
9 28.03 -11.35
8 2.63 -1.45
8 28.08 1.80
8 32.78 -8.00
9 4.88 -7.65
5 21.38 -11.05
11 41.13 -12.65
9 12.48 -9.35
7 10.18 5.25
10 14.08 -4.45
11 32.08 -9.40
11 3.33 8.40
7 19.38 -16.95
11 40.78 -0.20
10 11.83 5.20
9 20.38 -5.90
10 44.48 1.15
8 3.98 -15.90
5 10.73 13.30
8 28.93 2.60
10 14.78 -13.35
9 31.23 8.55
8 12.98 -10.55
10 3.73 -8.45
10 20.63 8.55
11 12.08 -11.90
9 0.53 -1.40
8 38.73 -8.55
9 6.03 -1.65
7 5.83 10.00
13 29.18 -9.90
7 37.63 4.10
12 29.13 -8.50
5 9.73 7.05
11 1.78 2.80
10 30.38 -10.15
10 27.28 3.00
8 16.08 1.30
6 21.38 -10.95
10 10.73 -15.55
11 14.23 -7.10
8 40.78 4.40
6 21.38 -11.00
8 41.78 -4.10
8 37.78 -6.10
9 5.98 5.70
11 36.53 -0.10
10 13.18 10.10
7 31.68 -3.75
11 3.03 -14.15
8 1.48 -11.45
9 37.73 -2.85
11 11.68 8.50
10 13.98 -16.80
11 3.33 9.80
9 4.18 -14.65
10 40.28 -1.05
10 0.33 -0.20
9 31.78 -15.85
8 1.68 4.30
10 3.28 -3.95
8 18.43 4.10
9 19.53 -6.60
8 30.43 -9.10
13 30.38 8.20
12 12.93 8.15
13 29.68 5.55
8 21.03 1.50
10 23.43 -14.70
11 26.98 0.80
7 28.18 -11.85
10 30.78 4.00
10 5.83 -13.20
10 12.58 4.85
11 3.38 6.75
11 4.58 6.95
9 38.08 8.05
10 31.53 12.35
8 29.83 -4.00
8 41.63 6.05
10 6.13 -15.25
8 5.13 11.10
11 13.18 -12.20
4 27.28 14.40
8 33.08 -13.15
8 21.58 12.00
12 5.23 -14.35
12 39.13 0.60
7 18.68 -6.50
10 38.63 4.00
11 13.43 2.45
9 2.73 11.40
12 22.23 14.10
11 13.43 -3.40
8 8.38 -1.50
9 10.38 2.30
12 40.08 0.50
9 37.73 9.85
8 8.53 -1.50
12 21.63 -9.65
10 13.43 4.00
10 31.63 12.60
8 31.53 0.15
15 4.58 -14.20
8 13.03 -10.35
7 46.68 -0.20
10 5.73 -13.80
6 19.93 14.65
8 12.98 1.75
8 39.08 2.25
11 40.48 -10.00
8 42.38 10.50
7 32.48 -12.60
10 21.48 0.05
9 46.48 -0.20
10 13.08 -2.35
12 5.78 7.60
9 32.28 9.35
7 7.18 -2.70
8 3.43 -4.70
12 40.38 10.20
11 39.53 3.75
12 3.13 -2.30
11 20.38 -13.60
10 47.73 0.90
10 1.88 -15.15
8 13.98 10.15
11 13.83 -15.70
9 49.28 -0.65
6 15.23 6.70
13 41.13 5.95
5 0.43 13.05
14 21.88 -14.00
5 27.58 9.10
8 42.33 12.05
9 32.63 -15.25
5 15.33 7.75
9 10.23 -0.35
7 30.73 -11.15
11 1.23 10.80
9 41.43 -4.25
8 13.03 -0.45
11 33.63 0.70
9 22.98 -4.45
7 37.73 13.70
4 23.98 11.75
9 12.33 0.15
13 12.63 3.40
8 29.53 6.45
11 19.88 4.75
11 37.58 12.05
11 41.23 10.05
10 23.23 8.35
9 40.53 -0.70
12 14.08 -11.95
9 28.28 9.85
11 40.93 -10.50
9 20.13 9.75
7 41.18 -8.40
11 22.43 8.10
8 6.53 -0.45
10 29.98 14.25
10 40.53 -15.80
14 40.23 10.95
9 23.78 1.65
13 14.03 -2.80
8 1.03 -12.45
10 13.93 13.20
11 12.43 8.40
9 30.53 4.00
8 19.53 6.70
8 14.83 -1.85
10 29.53 -13.55
11 40.83 5.95
10 22.08 3.20
5 20.08 -8.55
6 27.58 9.00
10 45.53 -0.15
7 30.58 -8.90
9 23.23 -12.40
8 31.83 -17.00
6 32.73 -17.80
9 2.38 12.35
12 23.08 -13.40
11 40.13 -9.30
11 1.48 -13.90
8 31.93 -16.45
11 11.03 0.80
8 30.23 -6.55
3 10.28 -5.55
11 48.18 0.75
13 3.38 -11.75
8 10.93 4.00
8 0.83 -13.70
8 28.98 -2.35
7 2.23 -14.90
11 3.58 10.35
9 29.38 12.85
6 36.43 13.45
13 2.98 -16.05
9 5.08 -7.55
8 32.53 -12.50
9 34.03 -0.30
10 38.08 11.05
6 33.48 -3.75
12 31.78 -13.90
12 17.18 -0.65
12 13.18 -4.55
6 42.28 7.90
10 21.63 6.45
11 47.63 1.15
13 31.03 -14.75
12 40.63 0.75
10 14.08 -8.80
9 48.73 0.40
6 23.98 -8.85
6 32.68 14.45
10 28.88 -13.95
9 5.43 10.30
10 28.23 -2.50
10 21.18 5.90
11 13.33 8.90
9 4.78 -9.50
10 38.03 6.80
10 39.83 -3.25
9 2.63 11.50
11 32.23 0.75
9 41.73 -11.15
12 3.93 5.90
11 46.73 0.25
7 28.68 -5.05
7 23.73 -0.55
8 31.73 -16.35
12 0.58 1.75
8 5.13 5.80
10 13.08 -8.00
12 39.03 -14.50
10 12.48 -2.70
13 22.83 -3.35
11 41.63 -3.50
7 21.98 10.20
12 12.58 2.15
7 11.08 3.25
9 12.48 9.50
10 12.83 -1.65
12 30.18 -9.65
8 9.98 3.10
7 48.53 0.60
9 14.58 12.90
13 39.68 5.95
7 33.43 2.75
10 5.63 -14.55
7 42.73 -2.05
9 38.23 6.40
12 21.28 4.45
12 31.33 -5.00
12 4.13 10.45
4 40.93 14.00
11 3.53 -8.50
5 32.88 -10.55
8 42.58 -12.65
8 3.78 4.15
10 21.83 8.10
4 24.83 -17.00
10 13.03 -16.75
7 18.93 13.55
11 25.03 0.10
9 37.63 12.65
7 14.93 2.75
7 0.78 8.80
10 23.88 -13.75
8 25.88 2.55
10 4.18 7.75
9 20.38 -1.85
14 20.78 13.15
9 32.83 -7.45
12 22.18 -14.70
12 38.88 10.60
7 10.53 -6.65
10 40.23 -6.15
12 38.38 -13.35
11 25.33 0.60
10 4.33 7.90
11 21.78 8.65
6 15.78 -13.15
10 39.08 10.40
8 35.88 -1.50
8 2.28 -7.65
10 28.53 4.40
6 40.63 4.00
7 24.73 2.00
11 30.88 14.45
11 13.08 -2.10
10 21.68 5.65
8 10.48 -14.30
6 15.33 9.75
6 28.58 -15.85
7 12.23 -0.20
12 12.53 -5.55
7 37.73 5.80
11 30.38 0.10
6 38.53 -11.40
8 23.78 0.45
7 42.93 1.40
12 21.23 -12.65
9 11.23 -13.25
9 5.18 -12.45
12 38.78 -3.95
11 31.33 -3.50
10 32.28 -14.25
6 44.38 -1.75
12 21.08 -14.55
12 4.83 -1.40
11 38.83 10.70
7 -0.12 1.60
10 31.53 -7.25
6 0.73 -10.10
1 26.98 14.50
11 29.63 7.05
11 4.68 6.20
12 39.43 -15.40
6 37.53 3.85
9 24.08 -1.40
10 14.63 -10.50
10 23.63 -13.05
10 24.08 -2.85
14 4.03 -10.05
7 37.63 8.45
6 28.73 -2.15
5 19.18 -12.95
11 11.13 0.10
10 25.93 0.35
7 10.43 -1.00
14 31.38 2.45
12 17.63 0.10
9 23.08 -9.10
8 42.43 -13.15
10 32.38 -3.65
9 39.13 -10.15
7 0.53 11.65
8 0.58 -11.60
11 31.18 8.35
8 1.03 -16.45
10 4.68 -11.40
7 2.58 -14.65
6 23.98 4.10
7 10.13 -2.60
8 21.78 9.75
2 18.88 -12.90
9 20.63 3.45
13 29.58 -14.65
9 22.18 -9.25
6 38.33 -12.10
9 29.88 -1.25
6 19.63 12.00
8 32.58 -11.90
9 45.18 -0.15
7 14.93 -10.90
12 3.38 -12.40
7 24.33 -8.95
15 14.28 -3.25
11 9.53 0.95
9 33.48 -16.95
11 6.48 -1.85
6 32.83 -17.60
8 7.98 0.60
8 19.78 9.65
9 17.28 -1.15
9 42.08 6.75
4 10.63 -5.25
8 38.48 -11.90
12 10.53 1.05
9 5.43 5.00
6 3.53 -13.05
9 38.08 -5.65
7 15.18 -8.25
6 43.98 2.30
8 26.28 -1.00
10 31.18 1.15
13 13.13 -6.65
9 22.83 -9.85
4 37.48 8.10
12 41.03 -13.40
8 41.58 5.70
11 5.03 2.55
9 46.48 0.60
9 14.18 -6.50
5 12.38 -0.55
9 13.28 7.00
5 24.18 7.90
8 28.93 -3.95
7 1.28 -17.70
9 13.73 2.30
12 3.53 8.80
10 42.33 -14.10
12 38.83 7.05
7 19.28 9.35
6 9.68 9.65
12 21.98 -10.85
6 36.83 1.55
5 14.43 -6.00
4 34.13 -13.70
10 11.98 3.35
7 39.33 7.95
7 1.58 -5.95
6 42.63 -10.35
8 3.23 -0.15
8 18.58 8.70
11 40.93 1.15
9 5.98 -0.65
11 3.08 -8.40
6 32.83 14.50
6 30.58 -11.40
13 2.03 -3.45
8 22.03 9.75
6 43.63 -1.80
8 2.48 -14.70
2 41.53 14.55
6 26.18 -0.30
12 31.28 3.15
7 3.03 11.40
12 0.78 0.70
13 39.23 -5.70
12 1.68 10.20
7 10.03 10.30
5 38.43 -8.15
6 4.48 -15.90
8 42.68 -12.35
11 28.58 -0.50
11 2.38 -12.50
2 10.38 -17.85
11 29.68 -13.55
12 4.18 8.40
9 21.43 -4.35
5 23.68 -7.95
4 6.58 -16.10
10 12.78 7.15
9 13.88 -12.25
6 30.53 -1.30
13 20.68 9.50
11 7.18 -1.05
8 29.33 6.30
14 13.28 9.95
8 18.93 -5.85
11 38.53 -14.00
9 9.48 -1.90
7 41.48 -7.00
11 31.48 5.55
5 15.23 4.10
9 23.48 0.10
7 26.08 -0.50
9 0.83 0.10
8 15.88 -14.65
10 21.33 -4.20
15 30.33 -14.55
6 1.38 -17.15
5 27.88 9.10
6 23.58 8.55
5 33.73 -7.60
14 12.58 -7.25
9 4.63 0.65
6 4.98 11.45
10 41.08 -15.55
12 34.68 0.85
11 31.78 -0.10
6 23.98 -11.80
6 -0.07 1.55
10 4.18 3.55
6 36.68 2.75
12 12.48 8.60
7 23.33 10.30
8 18.78 -3.25
11 19.73 0.70
1 24.38 -16.75
12 22.63 -1.90
3 42.48 2.90
7 22.93 -6.30
8 29.73 -6.95
14 22.43 -11.10
5 15.73 -4.20
10 20.68 2.55
7 50.08 1.15
8 28.88 -7.90
7 26.68 -0.30
8 31.33 0.95
10 31.38 -3.30
7 33.23 -10.85
7 22.93 3.00
10 23.18 -2.20
13 8.73 0.20
9 8.88 1.15
8 20.88 1.00
7 12.28 -8.55
5 50.33 -0.15
4 23.98 12.80
8 1.58 9.15
11 38.68 -7.20
6 15.38 -6.70
1 24.18 -16.50
7 19.73 5.90
12 31.88 -4.00
10 4.93 4.70
11 1.23 3.25
6 6.23 10.30
14 13.18 13.20
11 30.38 13.90
10 22.08 1.85
4 15.78 -17.05
13 40.78 -5.15
7 26.48 -0.05
7 24.03 3.95
10 12.08 -3.70
7 37.43 -5.20
11 12.33 9.85
14 5.63 -1.55
8 19.18 -15.60
15 31.73 -6.45
5 32.43 -1.80
8 39.68 2.90
4 23.78 9.30
13 22.88 -1.95
4 16.78 1.90
7 15.88 -1.75
3 34.58 -17.95
10 20.38 5.70
8 28.28 11.80
16 23.33 -3.20
4 16.98 1.80
11 31.63 4.80
13 40.68 6.65
9 30.98 8.85
15 29.38 9.65
15 12.73 -14.55
4 0.43 -9.25
8 3.53 3.85
8 23.88 1.40
4529
0 2 
0 5 
0 192 
0 243 
0 245 
0 591 
0 661 
0 808 
0 810 
0 882 
1 69 
1 140 
1 207 
1 230 
1 254 
1 586 
1 600 
1 617 
1 629 
2 243 
2 245 
2 456 
2 591 
2 661 
2 665 
2 857 
2 921 
3 66 
3 153 
3 316 
3 418 
3 555 
3 689 
3 715 
3 719 
3 765 
3 861 
4 139 
4 297 
4 307 
4 419 
4 448 
4 714 
4 970 
5 245 
5 515 
5 591 
5 651 
5 665 
6 157 
6 300 
6 337 
6 391 
6 518 
6 634 
6 863 
6 890 
6 935 
7 277 
7 404 
7 576 
7 622 
7 624 
7 650 
7 693 
7 726 
7 893 
8 42 
8 122 
8 154 
8 155 
8 333 
8 526 
8 585 
8 588 
8 778 
8 980 
9 46 
9 119 
9 335 
9 375 
9 521 
9 538 
9 552 
9 569 
9 572 
9 717 
10 20 
10 128 
10 221 
10 262 
10 269 
10 272 
10 688 
10 772 
10 792 
10 809 
11 76 
11 229 
11 383 
11 421 
11 632 
11 657 
11 782 
11 806 
11 895 
12 83 
12 94 
12 100 
12 320 
12 413 
12 460 
12 558 
12 731 
12 740 
13 24 
13 61 
13 147 
13 231 
13 271 
13 274 
13 297 
13 448 
13 484 
14 171 
14 228 
14 238 
14 442 
14 721 
14 781 
14 943 
14 982 
15 72 
15 257 
15 281 
15 394 
15 551 
15 813 
15 880 
15 905 
15 936 
16 79 
16 106 
16 132 
16 183 
16 187 
16 278 
16 672 
16 800 
16 833 
16 938 
17 45 
17 161 
17 225 
17 367 
17 660 
17 685 
17 794 
17 819 
17 843 
17 894 
18 23 
18 106 
18 132 
18 278 
18 672 
18 739 
18 833 
18 937 
19 165 
19 280 
19 302 
19 354 
19 557 
19 691 
19 805 
19 889 
19 961 
20 178 
20 221 
20 272 
20 383 
20 657 
21 331 
21 398 
21 615 
21 675 
21 686 
21 720 
21 759 
21 815 
21 965 
21 990 
22 27 
22 123 
22 135 
22 368 
22 553 
22 562 
22 575 
22 678 
22 874 
22 984 
23 80 
23 183 
23 481 
23 528 
23 554 
23 899 
23 909 
23 919 
23 937 
24 61 
24 81 
24 147 
24 231 
24 271 
24 297 
24 448 
24 484 
24 970 
25 90 
25 221 
25 262 
25 470 
25 489 
25 666 
25 724 
25 792 
25 876 
26 328 
26 457 
26 477 
26 520 
26 684 
26 722 
26 748 
26 859 
26 898 
27 123 
27 284 
27 385 
27 479 
27 522 
27 562 
27 619 
27 678 
27 874 
28 50 
28 124 
28 166 
28 253 
28 400 
28 628 
28 786 
28 848 
28 860 
28 928 
29 243 
29 245 
29 445 
29 456 
29 459 
29 808 
29 857 
29 921 
30 110 
30 475 
30 581 
30 631 
30 673 
30 703 
30 758 
30 826 
30 977 
31 57 
31 389 
31 565 
31 681 
31 817 
31 825 
31 846 
31 900 
31 944 
32 58 
32 125 
32 167 
32 215 
32 261 
32 610 
32 616 
32 664 
32 733 
33 123 
33 160 
33 343 
33 361 
33 479 
33 522 
33 553 
33 562 
33 619 
33 678 
34 45 
34 73 
34 161 
34 217 
34 367 
34 432 
34 463 
34 774 
34 904 
34 951 
35 288 
35 334 
35 476 
35 496 
35 529 
35 604 
35 644 
35 711 
36 127 
36 149 
36 184 
36 241 
36 299 
36 491 
36 548 
36 760 
36 998 
37 235 
37 351 
37 352 
37 788 
37 791 
37 940 
37 992 
38 70 
38 113 
38 238 
38 249 
38 324 
38 384 
38 422 
38 670 
38 803 
38 982 
39 55 
39 95 
39 136 
39 312 
39 487 
39 530 
39 583 
39 807 
39 913 
39 996 
40 177 
40 376 
40 561 
40 574 
40 653 
40 707 
40 796 
40 837 
41 60 
41 134 
41 288 
41 338 
41 476 
41 604 
41 667 
41 821 
41 952 
42 122 
42 155 
42 453 
42 454 
42 494 
42 584 
42 778 
42 829 
42 980 
43 77 
43 160 
43 199 
43 343 
43 361 
43 512 
43 517 
43 553 
43 752 
44 47 
44 145 
44 158 
44 194 
44 227 
44 366 
44 396 
44 406 
44 831 
44 956 
45 73 
45 225 
45 367 
45 544 
45 660 
45 794 
45 856 
46 335 
46 538 
46 546 
46 552 
46 569 
46 572 
46 717 
46 772 
47 145 
47 194 
47 227 
47 233 
47 366 
47 396 
47 406 
47 831 
47 850 
48 358 
48 359 
48 500 
48 523 
48 699 
48 887 
48 917 
48 968 
49 163 
49 181 
49 223 
49 402 
49 534 
49 649 
49 736 
49 742 
49 790 
50 124 
50 166 
50 329 
50 356 
50 400 
50 702 
50 786 
50 928 
51 197 
51 434 
51 631 
51 637 
51 672 
51 800 
51 826 
51 988 
52 130 
52 200 
52 465 
52 509 
52 522 
52 606 
52 690 
52 705 
52 773 
53 88 
53 97 
53 198 
53 236 
53 346 
53 441 
53 716 
53 799 
53 885 
53 994 
54 180 
54 196 
54 330 
54 451 
54 490 
54 625 
54 675 
54 686 
54 728 
54 749 
55 95 
55 136 
55 312 
55 487 
55 530 
55 583 
55 807 
55 997 
56 177 
56 205 
56 556 
56 574 
56 607 
56 612 
56 707 
56 763 
56 853 
56 858 
57 59 
57 425 
57 645 
57 801 
57 825 
57 846 
57 864 
57 931 
57 944 
58 102 
58 133 
58 167 
58 170 
58 215 
58 261 
58 397 
58 669 
58 733 
59 395 
59 402 
59 425 
59 645 
59 649 
59 770 
59 790 
59 864 
59 931 
59 944 
60 70 
60 260 
60 338 
60 469 
60 476 
60 725 
60 741 
60 924 
60 952 
61 71 
61 139 
61 274 
61 448 
61 633 
61 970 
62 77 
62 152 
62 199 
62 455 
62 512 
62 575 
62 787 
62 929 
62 934 
63 275 
63 299 
63 403 
63 443 
63 486 
63 519 
63 593 
63 730 
63 918 
63 998 
64 112 
64 173 
64 242 
64 428 
64 473 
64 488 
64 570 
64 679 
64 701 
64 958 
65 142 
65 248 
65 379 
65 429 
65 579 
65 630 
65 915 
65 972 
65 1001 
66 153 
66 316 
66 497 
66 555 
66 587 
66 715 
66 719 
66 765 
66 787 
67 111 
67 393 
67 556 
67 734 
67 800 
67 858 
67 987 
67 993 
68 92 
68 161 
68 217 
68 432 
68 544 
68 660 
68 685 
68 696 
68 856 
69 75 
69 140 
69 207 
69 230 
69 348 
69 617 
69 629 
69 743 
69 751 
70 113 
70 238 
70 260 
70 384 
70 469 
70 741 
70 924 
70 982 
71 139 
71 297 
71 307 
71 448 
71 714 
71 970 
72 94 
72 257 
72 365 
72 558 
72 706 
72 740 
73 217 
73 325 
73 339 
73 432 
73 514 
73 774 
73 951 
73 966 
74 349 
74 424 
74 453 
74 454 
74 494 
74 626 
74 778 
74 980 
75 78 
75 222 
75 230 
75 239 
75 289 
75 577 
75 586 
75 617 
75 674 
76 178 
76 272 
76 489 
76 516 
76 724 
76 782 
76 792 
76 876 
76 999 
77 160 
77 199 
77 343 
77 361 
77 512 
77 553 
77 865 
78 89 
78 210 
78 222 
78 289 
78 545 
78 596 
78 674 
78 849 
78 995 
79 106 
79 117 
79 187 
79 252 
79 278 
79 533 
79 579 
79 957 
80 126 
80 285 
80 481 
80 528 
80 609 
80 899 
80 909 
80 919 
81 147 
81 271 
81 274 
81 297 
81 448 
81 484 
81 970 
82 89 
82 210 
82 507 
82 596 
82 639 
82 834 
82 995 
83 94 
83 320 
83 413 
83 423 
83 460 
83 573 
83 731 
83 740 
83 820 
84 169 
84 322 
84 482 
84 571 
84 580 
84 643 
84 695 
84 822 
84 842 
84 851 
85 214 
85 279 
85 321 
85 380 
85 531 
85 595 
85 602 
85 687 
85 854 
85 902 
86 174 
86 457 
86 477 
86 541 
86 582 
86 859 
86 898 
87 166 
87 253 
87 329 
87 356 
87 628 
87 702 
87 746 
87 786 
87 910 
88 97 
88 198 
88 441 
88 608 
88 799 
88 885 
88 929 
88 994 
89 210 
89 289 
89 545 
89 596 
89 639 
89 715 
89 834 
90 114 
90 262 
90 470 
90 489 
90 666 
90 688 
90 724 
90 792 
90 876 
91 111 
91 164 
91 293 
91 444 
91 556 
91 566 
91 613 
91 707 
91 734 
91 858 
92 161 
92 294 
92 432 
92 442 
92 544 
92 685 
92 696 
92 856 
93 297 
93 307 
93 419 
93 448 
93 633 
93 714 
93 970 
94 281 
94 320 
94 423 
94 551 
94 731 
94 740 
94 820 
95 250 
95 312 
95 487 
95 530 
95 583 
95 807 
95 913 
96 138 
96 168 
96 265 
96 411 
96 431 
96 677 
96 683 
96 762 
96 816 
96 920 
97 198 
97 250 
97 537 
97 716 
97 799 
97 885 
97 913 
97 994 
98 150 
98 185 
98 355 
98 405 
98 655 
98 744 
98 764 
98 835 
98 925 
99 115 
99 226 
99 346 
99 370 
99 412 
99 468 
99 502 
99 754 
100 281 
100 283 
100 306 
100 365 
100 413 
100 423 
100 460 
100 558 
100 740 
101 118 
101 191 
101 358 
101 359 
101 500 
101 872 
101 887 
101 926 
102 125 
102 167 
102 215 
102 261 
102 610 
102 616 
102 664 
102 733 
103 162 
103 209 
103 304 
103 402 
103 420 
103 598 
103 770 
103 777 
103 795 
104 164 
104 363 
104 376 
104 464 
104 480 
104 539 
104 613 
104 658 
104 708 
105 121 
105 139 
105 216 
105 399 
105 401 
105 513 
105 592 
105 714 
105 761 
105 908 
106 117 
106 144 
106 187 
106 252 
106 278 
106 579 
106 739 
106 938 
107 148 
107 149 
107 275 
107 416 
107 505 
107 593 
107 730 
107 760 
107 771 
107 998 
108 311 
108 327 
108 435 
108 486 
108 620 
108 750 
108 789 
108 823 
108 903 
109 311 
109 435 
109 486 
109 620 
109 750 
109 789 
109 823 
109 903 
110 378 
110 559 
110 581 
110 673 
110 703 
110 710 
110 758 
110 812 
110 977 
111 293 
111 444 
111 503 
111 556 
111 566 
111 858 
111 914 
112 327 
112 374 
112 428 
112 473 
112 488 
112 570 
112 679 
112 789 
112 823 
113 171 
113 228 
113 249 
113 324 
113 721 
113 741 
113 982 
114 213 
114 357 
114 470 
114 489 
114 666 
114 724 
114 753 
114 876 
115 236 
115 346 
115 350 
115 370 
115 485 
115 635 
115 799 
115 844 
115 885 
116 202 
116 277 
116 317 
116 372 
116 493 
116 510 
116 888 
116 891 
117 126 
117 144 
117 252 
117 278 
117 579 
117 739 
117 940 
117 986 
118 191 
118 193 
118 359 
118 446 
118 500 
118 850 
118 926 
118 933 
118 1000 
119 269 
119 375 
119 538 
119 552 
119 569 
119 572 
119 772 
119 824 
119 839 
120 174 
120 408 
120 540 
120 582 
120 738 
120 748 
120 785 
120 898 
121 139 
121 216 
121 231 
121 345 
121 399 
121 401 
121 513 
121 592 
121 908 
122 154 
122 155 
122 264 
122 333 
122 347 
122 377 
122 526 
122 585 
123 368 
123 479 
123 553 
123 619 
123 678 
123 874 
124 166 
124 472 
124 628 
124 726 
124 802 
124 848 
124 893 
124 928 
125 167 
125 215 
125 261 
125 610 
125 616 
125 664 
125 733 
126 382 
126 704 
126 739 
126 899 
126 919 
126 940 
126 954 
126 986 
127 299 
127 311 
127 428 
127 435 
127 486 
127 491 
127 620 
127 903 
128 178 
128 221 
128 272 
128 383 
128 657 
128 792 
128 809 
128 824 
129 253 
129 364 
129 472 
129 702 
129 746 
129 818 
129 836 
129 848 
129 910 
130 258 
130 301 
130 344 
130 386 
130 690 
130 705 
130 974 
131 209 
131 244 
131 304 
131 478 
131 589 
131 742 
131 777 
131 981 
132 183 
132 278 
132 672 
132 800 
132 833 
132 937 
132 988 
133 167 
133 215 
133 218 
133 397 
133 563 
133 616 
133 779 
134 266 
134 288 
134 338 
134 550 
134 671 
134 821 
134 878 
134 952 
135 152 
135 276 
135 368 
135 507 
135 555 
135 575 
135 587 
135 755 
136 190 
136 312 
136 487 
136 530 
136 621 
136 807 
136 922 
136 996 
136 997 
137 281 
137 306 
137 365 
137 413 
137 423 
137 460 
137 558 
137 960 
138 168 
138 265 
138 332 
138 392 
138 411 
138 431 
138 683 
138 762 
138 816 
139 231 
139 297 
139 307 
139 633 
139 714 
139 970 
140 156 
140 207 
140 230 
140 254 
140 586 
140 617 
140 751 
141 156 
141 230 
141 254 
141 577 
141 600 
141 629 
141 723 
141 883 
142 234 
142 248 
142 379 
142 429 
142 630 
142 756 
142 972 
142 1001 
143 151 
143 256 
143 279 
143 300 
143 318 
143 341 
143 474 
143 480 
143 539 
144 159 
144 252 
144 579 
144 915 
144 940 
144 957 
144 986 
145 191 
145 194 
145 232 
145 233 
145 850 
145 926 
146 165 
146 302 
146 328 
146 557 
146 648 
146 662 
146 722 
146 927 
147 271 
147 274 
147 390 
147 484 
147 863 
147 890 
148 275 
148 416 
148 505 
148 519 
148 730 
148 760 
148 998 
149 184 
149 241 
149 299 
149 491 
149 505 
149 760 
149 771 
149 998 
150 173 
150 405 
150 701 
150 764 
150 845 
150 925 
151 256 
151 279 
151 300 
151 341 
151 480 
151 539 
151 854 
151 902 
152 368 
152 497 
152 555 
152 575 
152 787 
152 865 
152 934 
152 984 
153 316 
153 418 
153 497 
153 689 
153 715 
153 719 
153 861 
154 264 
154 347 
154 377 
154 526 
154 588 
154 879 
155 424 
155 453 
155 454 
155 494 
155 588 
155 778 
155 829 
155 980 
156 207 
156 230 
156 254 
156 586 
156 600 
156 617 
156 629 
157 214 
157 279 
157 300 
157 321 
157 531 
157 634 
157 902 
157 935 
158 176 
158 227 
158 406 
158 560 
158 827 
158 906 
158 955 
158 956 
159 351 
159 732 
159 768 
159 788 
159 915 
159 940 
159 954 
159 986 
160 343 
160 361 
160 512 
160 522 
160 553 
160 562 
161 225 
161 367 
161 432 
161 544 
161 660 
161 685 
161 794 
161 856 
162 163 
162 209 
162 268 
162 402 
162 589 
162 598 
162 770 
162 777 
162 795 
163 181 
163 402 
163 439 
163 534 
163 598 
163 649 
163 736 
163 742 
163 777 
164 376 
164 464 
164 539 
164 566 
164 707 
164 708 
165 302 
165 319 
165 557 
165 597 
165 605 
165 648 
165 691 
165 805 
166 253 
166 628 
166 702 
166 786 
166 848 
166 860 
167 170 
167 215 
167 397 
167 669 
168 265 
168 326 
168 431 
168 638 
168 677 
168 816 
168 897 
169 284 
169 287 
169 482 
169 643 
169 769 
169 776 
169 822 
169 842 
169 881 
170 215 
170 218 
170 397 
170 563 
170 616 
170 743 
170 779 
171 238 
171 260 
171 353 
171 469 
171 654 
171 741 
171 982 
172 202 
172 277 
172 317 
172 372 
172 493 
172 510 
172 888 
172 962 
173 242 
173 405 
173 506 
173 679 
173 701 
173 845 
173 852 
173 925 
173 958 
174 426 
174 440 
174 477 
174 541 
174 694 
174 738 
174 748 
175 180 
175 237 
175 331 
175 437 
175 458 
175 675 
175 686 
175 759 
175 811 
175 976 
176 378 
176 447 
176 560 
176 564 
176 603 
176 798 
176 812 
176 911 
176 955 
177 427 
177 556 
177 612 
177 613 
177 653 
177 707 
177 858 
178 221 
178 269 
178 657 
178 792 
178 809 
178 824 
179 208 
179 309 
179 328 
179 457 
179 495 
179 547 
179 582 
179 684 
179 969 
180 237 
180 330 
180 451 
180 618 
180 625 
180 675 
180 728 
180 749 
181 223 
181 402 
181 439 
181 534 
181 598 
181 649 
181 736 
181 742 
182 190 
182 315 
182 388 
182 621 
182 991 
182 997 
183 278 
183 672 
183 739 
183 833 
183 937 
184 241 
184 428 
184 473 
184 488 
184 491 
184 548 
184 570 
184 771 
185 405 
185 744 
185 764 
185 845 
185 925 
186 267 
186 305 
186 426 
186 440 
186 449 
186 525 
186 540 
186 694 
187 252 
187 278 
187 296 
187 393 
187 672 
187 800 
187 938 
188 235 
188 255 
188 336 
188 352 
188 382 
188 609 
188 704 
188 791 
188 942 
188 992 
189 326 
189 342 
189 411 
189 601 
189 646 
189 677 
190 292 
190 599 
190 621 
190 642 
190 663 
190 922 
190 991 
190 997 
191 193 
191 366 
191 396 
191 446 
191 850 
191 872 
192 245 
192 515 
192 591 
192 651 
192 665 
193 358 
193 359 
193 500 
193 872 
193 887 
193 926 
194 220 
194 227 
194 232 
194 366 
194 396 
194 850 
195 472 
195 702 
195 746 
195 802 
195 848 
195 860 
195 910 
196 330 
196 451 
196 490 
196 618 
196 625 
196 728 
196 813 
196 880 
197 434 
197 631 
197 637 
197 672 
197 826 
197 833 
198 236 
198 346 
198 537 
198 635 
198 799 
198 885 
198 994 
199 455 
199 512 
199 752 
199 865 
199 929 
199 934 
200 343 
200 361 
200 386 
200 465 
200 517 
200 773 
201 342 
201 373 
201 646 
201 647 
201 652 
201 698 
201 828 
201 830 
202 277 
202 301 
202 372 
202 493 
202 745 
202 888 
202 891 
202 962 
203 227 
203 406 
203 561 
203 653 
203 712 
203 827 
203 837 
203 955 
203 956 
204 273 
204 294 
204 371 
204 417 
204 442 
204 466 
204 496 
204 498 
204 711 
204 948 
205 581 
205 607 
205 612 
205 703 
205 710 
205 758 
205 763 
205 796 
205 798 
206 410 
206 475 
206 506 
206 673 
206 764 
206 845 
206 852 
206 945 
206 963 
207 348 
207 397 
207 586 
207 629 
207 669 
207 743 
207 779 
208 309 
208 408 
208 457 
208 495 
208 582 
208 684 
208 969 
209 304 
209 420 
209 589 
209 598 
209 777 
209 795 
209 981 
210 222 
210 639 
210 834 
210 995 
211 415 
211 455 
211 608 
211 692 
211 752 
211 929 
211 983 
212 332 
212 371 
212 417 
212 431 
212 466 
212 496 
212 638 
212 683 
212 897 
213 308 
213 347 
213 357 
213 450 
213 461 
213 724 
213 753 
213 870 
213 876 
214 251 
214 380 
214 518 
214 531 
214 634 
214 709 
214 908 
214 979 
215 616 
215 669 
215 733 
215 743 
215 779 
216 251 
216 380 
216 513 
216 687 
216 761 
216 908 
217 324 
217 325 
217 432 
217 463 
217 514 
217 951 
217 966 
218 313 
218 397 
218 669 
218 743 
218 751 
218 779 
218 793 
219 290 
219 358 
219 407 
219 424 
219 462 
219 588 
219 778 
219 872 
220 232 
220 233 
220 408 
220 511 
220 694 
220 700 
220 785 
220 933 
220 967 
221 269 
221 272 
221 688 
221 772 
221 792 
221 809 
222 289 
222 414 
222 596 
222 639 
222 674 
222 834 
222 995 
223 425 
223 439 
223 534 
223 645 
223 649 
223 790 
223 931 
224 434 
224 631 
224 637 
224 672 
224 826 
224 833 
225 367 
225 432 
225 685 
225 819 
225 894 
226 303 
226 350 
226 370 
226 468 
226 485 
226 502 
226 535 
226 894 
226 975 
227 827 
227 831 
227 955 
227 956 
228 238 
228 324 
228 353 
228 654 
228 721 
228 781 
228 982 
229 516 
229 651 
229 657 
229 659 
229 806 
229 824 
229 895 
230 254 
230 577 
230 586 
230 600 
230 617 
230 629 
231 274 
231 297 
231 448 
231 633 
231 970 
232 233 
232 396 
232 727 
232 838 
232 850 
232 933 
232 967 
232 1000 
233 366 
233 396 
233 850 
233 933 
234 248 
234 379 
234 429 
234 458 
234 630 
234 640 
234 972 
234 976 
235 351 
235 382 
235 704 
235 788 
235 954 
235 986 
235 992 
236 346 
236 370 
236 537 
236 635 
236 799 
236 994 
237 330 
237 451 
237 618 
237 625 
237 728 
237 855 
237 923 
238 249 
238 324 
238 384 
238 721 
238 781 
238 982 
239 348 
239 414 
239 418 
239 542 
239 861 
239 869 
240 275 
240 403 
240 416 
240 443 
240 519 
240 593 
240 730 
240 918 
241 299 
241 428 
241 491 
241 548 
241 760 
241 771 
242 374 
242 506 
242 679 
242 841 
242 845 
242 925 
242 958 
243 456 
243 459 
243 665 
243 808 
243 857 
244 304 
244 420 
244 777 
244 981 
245 591 
245 651 
245 659 
245 661 
245 808 
245 882 
246 310 
246 317 
246 364 
246 493 
246 576 
246 622 
246 650 
246 767 
246 836 
247 370 
247 415 
247 568 
247 608 
247 692 
247 766 
247 799 
247 844 
247 930 
248 379 
248 429 
248 533 
248 630 
248 640 
248 953 
249 324 
249 384 
249 422 
249 670 
249 721 
249 803 
249 966 
250 532 
250 537 
250 635 
250 885 
250 913 
250 994 
251 345 
251 513 
251 687 
251 908 
251 935 
252 278 
252 579 
252 739 
252 938 
252 957 
253 472 
253 702 
253 746 
253 786 
253 848 
253 910 
253 928 
254 577 
254 617 
254 629 
254 723 
255 285 
255 336 
255 352 
255 382 
255 609 
255 704 
255 791 
255 992 
256 300 
256 318 
256 337 
256 391 
256 474 
256 499 
257 394 
257 623 
257 706 
257 749 
257 813 
257 832 
257 880 
257 905 
258 301 
258 344 
258 386 
258 509 
258 606 
258 705 
258 745 
258 912 
258 974 
259 267 
259 359 
259 500 
259 525 
259 699 
259 780 
259 968 
259 1000 
260 476 
260 741 
260 781 
260 924 
260 982 
261 610 
261 616 
261 664 
261 733 
262 470 
262 666 
262 688 
262 792 
262 809 
263 301 
263 372 
263 465 
263 510 
263 517 
263 773 
263 840 
263 888 
263 978 
264 290 
264 333 
264 347 
264 377 
264 407 
264 462 
264 526 
264 585 
265 411 
265 431 
265 638 
265 677 
265 683 
265 897 
265 920 
266 326 
266 578 
266 667 
266 671 
266 677 
266 775 
266 897 
266 920 
267 282 
267 305 
267 440 
267 449 
267 525 
267 540 
267 735 
267 968 
268 387 
268 395 
268 504 
268 508 
268 770 
268 864 
268 944 
269 272 
269 383 
269 657 
269 772 
270 335 
270 436 
270 483 
270 546 
270 552 
270 717 
270 892 
270 901 
271 274 
271 297 
271 448 
271 970 
272 383 
272 792 
272 809 
272 824 
273 371 
273 417 
273 466 
273 496 
273 498 
273 501 
273 529 
273 711 
273 948 
274 297 
274 345 
274 401 
274 484 
274 890 
274 979 
275 403 
275 443 
275 505 
275 519 
275 593 
275 998 
276 316 
276 555 
276 587 
276 596 
276 639 
276 715 
276 984 
277 317 
277 404 
277 624 
277 650 
277 745 
277 912 
277 962 
278 739 
278 937 
279 300 
279 318 
279 321 
279 531 
279 634 
279 854 
280 305 
280 354 
280 426 
280 440 
280 520 
280 605 
280 735 
280 889 
281 283 
281 365 
281 413 
281 551 
281 558 
281 740 
282 305 
282 426 
282 440 
282 477 
282 540 
282 735 
282 961 
283 306 
283 365 
283 413 
283 423 
283 460 
283 960 
284 369 
284 385 
284 479 
284 482 
284 678 
284 718 
284 769 
284 874 
285 336 
285 481 
285 609 
285 704 
285 899 
285 919 
285 942 
285 992 
286 292 
286 543 
286 567 
286 663 
286 682 
286 757 
286 877 
286 991 
287 291 
287 369 
287 643 
287 718 
287 822 
287 881 
288 338 
288 476 
288 501 
288 604 
288 725 
288 878 
289 545 
289 596 
289 674 
289 834 
289 995 
290 358 
290 407 
290 462 
290 467 
290 492 
290 523 
290 588 
290 879 
291 369 
291 509 
291 606 
291 705 
291 718 
291 776 
291 881 
292 543 
292 567 
292 627 
292 757 
292 971 
292 991 
293 464 
293 539 
293 566 
293 595 
293 613 
293 734 
293 914 
294 353 
294 498 
294 654 
294 696 
294 943 
294 948 
295 330 
295 394 
295 618 
295 625 
295 855 
295 880 
295 923 
295 936 
296 393 
296 398 
296 527 
296 533 
296 615 
296 815 
296 938 
296 946 
297 633 
297 970 
298 323 
298 433 
298 623 
298 820 
298 832 
298 862 
298 873 
298 905 
299 311 
299 435 
299 491 
299 548 
299 620 
299 771 
299 903 
299 998 
300 318 
300 337 
300 518 
300 634 
300 902 
301 372 
301 465 
301 606 
301 745 
301 773 
301 840 
301 888 
301 974 
302 605 
302 648 
302 662 
302 886 
302 889 
303 367 
303 370 
303 568 
303 766 
303 819 
303 844 
303 894 
303 904 
303 930 
303 950 
304 420 
304 478 
304 589 
304 598 
304 742 
304 777 
304 981 
305 354 
305 426 
305 440 
305 735 
305 889 
305 961 
306 365 
306 413 
306 460 
306 558 
306 611 
306 960 
307 419 
307 448 
307 633 
307 970 
308 357 
308 450 
308 461 
308 753 
308 870 
308 876 
308 999 
309 457 
309 495 
309 547 
309 582 
309 684 
309 898 
309 969 
310 317 
310 364 
310 493 
310 576 
310 746 
310 767 
310 804 
310 818 
310 836 
311 327 
311 435 
311 486 
311 548 
311 620 
311 750 
311 823 
311 903 
312 487 
312 543 
312 567 
312 583 
312 807 
312 996 
312 997 
313 348 
313 542 
313 563 
313 743 
313 751 
313 779 
313 793 
313 847 
314 405 
314 673 
314 744 
314 764 
314 845 
314 925 
315 388 
315 409 
315 412 
315 530 
315 532 
315 614 
315 642 
315 754 
315 784 
315 907 
316 507 
316 555 
316 587 
316 639 
316 715 
316 719 
316 755 
317 650 
317 804 
317 891 
317 962 
318 321 
318 341 
318 480 
318 539 
318 854 
318 902 
319 557 
319 605 
319 648 
319 691 
319 805 
320 413 
320 423 
320 460 
320 573 
320 731 
320 740 
321 531 
321 634 
321 935 
322 590 
322 643 
322 656 
322 676 
322 695 
322 822 
322 851 
323 433 
323 623 
323 820 
323 832 
323 862 
323 873 
323 905 
324 325 
324 514 
324 721 
324 774 
324 803 
324 951 
324 966 
325 463 
325 514 
325 774 
325 803 
325 951 
325 966 
326 342 
326 524 
326 601 
326 671 
326 677 
326 698 
326 775 
326 920 
327 381 
327 435 
327 620 
327 789 
327 903 
328 457 
328 520 
328 547 
328 662 
328 684 
328 859 
328 886 
328 927 
329 356 
329 628 
329 702 
329 746 
329 786 
329 910 
329 928 
330 394 
330 451 
330 618 
330 728 
330 749 
330 923 
331 437 
331 458 
331 640 
331 720 
331 759 
331 811 
331 953 
331 976 
332 431 
332 536 
332 638 
332 816 
332 897 
332 920 
333 347 
333 377 
333 588 
333 879 
334 476 
334 496 
334 498 
334 501 
334 711 
335 436 
335 538 
335 546 
335 552 
335 569 
335 717 
336 352 
336 609 
336 704 
336 791 
336 942 
336 992 
337 341 
337 391 
337 499 
337 518 
337 863 
338 476 
338 604 
338 667 
338 725 
338 821 
338 878 
338 952 
339 463 
339 514 
339 670 
339 774 
339 803 
339 951 
339 966 
339 983 
340 507 
340 545 
340 596 
340 755 
340 842 
340 849 
340 941 
341 474 
341 480 
341 499 
342 524 
342 601 
342 652 
342 671 
342 775 
342 828 
342 867 
343 361 
343 512 
343 517 
343 522 
343 553 
344 404 
344 509 
344 606 
344 745 
344 912 
344 974 
345 513 
345 592 
345 709 
345 908 
345 979 
346 370 
346 537 
346 635 
346 844 
346 885 
346 950 
347 461 
347 526 
347 585 
347 870 
347 879 
348 563 
348 586 
348 743 
348 751 
348 779 
349 430 
349 453 
349 454 
349 494 
349 829 
349 906 
349 980 
350 370 
350 409 
350 412 
350 468 
350 502 
350 754 
351 382 
351 915 
351 940 
351 954 
351 986 
352 382 
352 704 
352 788 
352 954 
352 986 
352 992 
353 442 
353 721 
353 781 
353 943 
353 982 
354 440 
354 477 
354 520 
354 605 
354 662 
354 735 
354 859 
354 889 
354 961 
355 405 
355 673 
355 744 
355 764 
355 845 
355 925 
356 628 
356 702 
356 786 
356 910 
356 928 
357 461 
357 489 
357 724 
357 870 
357 876 
358 359 
358 446 
358 492 
358 523 
358 699 
358 872 
358 887 
358 917 
359 446 
359 500 
359 699 
359 780 
359 887 
359 932 
359 968 
360 543 
360 567 
360 627 
360 757 
360 971 
361 512 
361 517 
361 752 
361 773 
362 452 
362 590 
362 594 
362 656 
362 676 
362 680 
362 695 
362 713 
362 947 
363 376 
363 464 
363 474 
363 480 
363 708 
363 712 
363 868 
364 576 
364 622 
364 746 
364 804 
364 818 
364 836 
365 423 
365 558 
365 611 
366 850 
366 926 
367 432 
367 685 
367 819 
368 553 
368 562 
368 575 
368 587 
368 678 
368 874 
368 984 
369 386 
369 479 
369 522 
369 619 
369 705 
369 718 
369 881 
370 485 
370 766 
370 799 
370 844 
370 950 
371 417 
371 466 
371 496 
371 498 
371 536 
371 711 
371 948 
372 465 
372 510 
372 840 
372 888 
372 962 
372 978 
373 524 
373 550 
373 601 
373 671 
373 775 
373 828 
373 867 
374 381 
374 570 
374 679 
374 789 
374 823 
374 841 
375 515 
375 521 
375 552 
375 569 
375 657 
375 772 
375 824 
376 561 
376 613 
376 658 
376 707 
376 712 
376 868 
377 461 
377 526 
377 870 
377 879 
378 447 
378 560 
378 564 
378 798 
378 835 
378 911 
378 977 
379 429 
379 458 
379 630 
379 640 
379 972 
380 399 
380 531 
380 592 
380 687 
380 908 
380 935 
381 679 
381 789 
381 823 
381 841 
382 704 
382 788 
382 791 
382 940 
382 986 
382 992 
383 792 
383 809 
383 824 
383 895 
384 422 
384 721 
384 982 
385 479 
385 562 
385 619 
385 678 
385 769 
385 874 
386 509 
386 522 
386 606 
386 690 
386 705 
386 773 
386 974 
387 395 
387 471 
387 504 
387 508 
387 565 
387 770 
387 864 
387 944 
388 409 
388 532 
388 599 
388 614 
388 642 
388 784 
388 907 
388 922 
389 565 
389 801 
389 817 
389 825 
389 846 
389 942 
390 391 
390 518 
390 890 
390 979 
391 499 
391 518 
391 863 
391 890 
392 411 
392 431 
392 683 
392 762 
392 816 
392 920 
393 398 
393 503 
393 527 
393 800 
393 938 
393 987 
393 993 
394 451 
394 618 
394 625 
394 706 
394 728 
394 813 
394 880 
395 565 
395 770 
395 944 
396 850 
396 926 
397 616 
397 743 
397 751 
397 779 
398 527 
398 615 
398 720 
398 815 
398 946 
398 965 
398 990 
399 513 
399 687 
399 761 
399 908 
400 628 
400 786 
400 860 
400 928 
401 513 
401 592 
401 709 
401 908 
401 979 
402 439 
402 598 
402 645 
402 649 
402 742 
402 770 
403 416 
403 443 
403 593 
403 730 
403 918 
403 973 
404 576 
404 622 
404 650 
404 745 
404 912 
405 701 
405 845 
405 958 
406 827 
406 831 
406 837 
406 955 
406 956 
407 462 
407 467 
407 492 
407 523 
407 588 
407 879 
407 917 
408 511 
408 541 
408 582 
408 700 
408 785 
408 838 
409 485 
409 502 
409 532 
409 754 
409 907 
410 475 
410 506 
410 559 
410 673 
410 826 
410 852 
410 945 
410 963 
411 431 
411 638 
411 677 
411 816 
411 897 
411 920 
412 468 
412 485 
412 502 
412 532 
412 754 
413 423 
413 558 
413 573 
413 740 
414 418 
414 542 
414 689 
414 715 
414 861 
414 995 
415 455 
415 568 
415 608 
415 668 
415 692 
415 929 
415 930 
415 950 
416 505 
416 519 
416 593 
416 998 
417 466 
417 496 
417 501 
417 536 
417 604 
417 878 
418 542 
418 689 
418 715 
418 719 
418 869 
418 995 
419 448 
419 633 
419 714 
419 970 
420 478 
420 589 
420 742 
420 777 
420 981 
421 516 
421 651 
421 657 
421 659 
421 806 
421 824 
421 895 
422 514 
422 670 
422 803 
422 966 
423 551 
423 558 
423 740 
424 430 
424 453 
424 454 
424 494 
424 875 
424 980 
425 439 
425 645 
425 649 
425 736 
425 790 
425 931 
426 477 
426 540 
426 738 
426 748 
426 859 
426 898 
427 561 
427 574 
427 612 
427 653 
427 707 
427 763 
427 796 
427 837 
428 473 
428 491 
428 548 
428 620 
428 789 
429 630 
429 768 
429 915 
429 972 
429 1001 
430 453 
430 494 
430 626 
430 778 
430 926 
430 980 
431 638 
431 762 
431 816 
431 897 
431 920 
432 544 
432 660 
432 774 
432 951 
433 490 
433 623 
433 636 
433 832 
433 873 
433 905 
434 559 
434 581 
434 631 
434 758 
434 826 
434 988 
435 548 
436 538 
436 546 
436 552 
436 569 
436 572 
436 717 
436 901 
437 458 
437 675 
437 720 
437 759 
437 811 
437 976 
438 470 
438 585 
438 666 
439 534 
439 598 
439 736 
439 790 
440 477 
440 540 
440 859 
440 961 
441 455 
441 608 
441 668 
441 692 
441 716 
441 929 
442 498 
442 654 
442 696 
442 943 
442 948 
443 486 
443 519 
443 593 
443 730 
443 918 
443 973 
444 464 
444 556 
444 566 
444 613 
444 734 
444 858 
444 914 
445 456 
445 459 
445 665 
445 808 
445 857 
445 921 
446 500 
446 872 
446 887 
446 926 
447 564 
447 603 
447 653 
447 796 
447 812 
447 837 
447 911 
447 955 
448 633 
448 714 
449 500 
449 699 
449 727 
449 968 
449 1000 
450 461 
450 753 
450 870 
450 879 
451 490 
451 618 
451 625 
451 749 
452 590 
452 594 
452 656 
452 676 
452 680 
452 713 
452 947 
452 959 
453 454 
453 626 
453 829 
453 875 
453 906 
453 980 
454 494 
454 584 
454 626 
454 875 
454 906 
454 980 
455 512 
455 608 
455 668 
455 752 
455 929 
456 665 
456 808 
457 495 
457 520 
457 722 
457 859 
457 898 
458 640 
458 720 
458 811 
458 953 
458 976 
459 483 
459 665 
459 857 
459 892 
459 921 
460 558 
460 573 
460 740 
461 585 
461 753 
462 467 
462 492 
462 526 
462 588 
462 879 
463 514 
463 774 
463 951 
463 983 
464 480 
464 566 
464 613 
464 658 
464 868 
465 690 
465 773 
465 840 
465 888 
465 974 
465 978 
466 496 
466 501 
466 536 
466 878 
467 492 
467 588 
467 778 
467 872 
467 879 
468 485 
468 502 
468 535 
468 737 
469 476 
469 741 
469 781 
469 924 
469 982 
470 489 
470 688 
470 724 
470 876 
471 565 
471 770 
471 864 
471 944 
472 622 
472 693 
472 726 
472 802 
472 848 
472 860 
472 893 
473 488 
473 570 
473 679 
473 701 
473 958 
474 480 
474 499 
474 658 
475 559 
475 631 
475 673 
475 764 
475 826 
475 866 
475 945 
476 529 
476 644 
476 725 
477 520 
477 738 
477 748 
477 898 
478 589 
478 742 
478 777 
478 981 
479 522 
479 562 
479 619 
479 678 
479 874 
480 539 
480 658 
481 528 
481 641 
481 899 
481 909 
481 919 
481 942 
482 580 
482 643 
482 695 
482 769 
482 822 
482 842 
482 851 
483 515 
483 521 
483 569 
483 665 
483 810 
483 882 
485 502 
485 754 
486 620 
486 750 
486 903 
486 918 
487 530 
487 583 
487 784 
487 997 
488 491 
488 548 
488 620 
488 789 
489 666 
489 688 
489 792 
489 876 
490 623 
490 728 
490 749 
490 832 
490 862 
490 905 
491 548 
491 570 
491 771 
492 523 
492 879 
492 887 
492 917 
493 650 
493 804 
493 962 
494 778 
494 875 
495 547 
495 722 
495 927 
496 498 
496 501 
496 529 
496 644 
496 711 
497 555 
497 587 
497 765 
497 934 
498 529 
498 644 
498 711 
498 943 
498 948 
500 525 
500 699 
500 968 
501 529 
501 604 
501 644 
501 711 
502 535 
502 737 
502 754 
503 672 
503 734 
503 800 
503 858 
503 987 
503 993 
504 565 
504 770 
504 864 
504 944 
505 730 
505 760 
505 771 
505 896 
505 998 
506 701 
506 841 
506 845 
506 852 
506 866 
506 925 
506 963 
507 587 
507 596 
507 639 
507 849 
508 565 
508 770 
508 864 
508 944 
509 690 
509 705 
509 974 
510 840 
510 888 
510 962 
510 978 
511 541 
511 582 
511 694 
511 700 
511 785 
511 838 
511 967 
512 752 
512 865 
512 929 
513 592 
513 709 
513 979 
515 521 
515 569 
515 591 
515 661 
515 810 
515 839 
515 882 
516 632 
516 657 
516 782 
516 806 
516 895 
517 690 
517 752 
517 773 
517 978 
518 531 
518 634 
518 709 
518 935 
518 979 
519 593 
519 730 
519 973 
519 998 
520 662 
520 722 
520 859 
520 886 
520 898 
521 552 
521 569 
521 717 
521 810 
521 892 
522 562 
522 678 
523 699 
523 780 
523 887 
523 917 
523 932 
524 601 
524 646 
524 652 
524 677 
524 698 
524 775 
525 727 
525 933 
525 968 
525 1000 
526 585 
526 588 
526 879 
527 615 
527 815 
527 946 
527 965 
527 990 
528 554 
528 641 
528 899 
528 909 
528 919 
528 942 
529 711 
529 948 
530 583 
530 614 
530 784 
530 807 
530 907 
530 996 
530 997 
531 634 
531 687 
531 854 
531 902 
531 935 
532 537 
532 614 
532 635 
532 754 
532 784 
532 907 
532 913 
532 994 
533 579 
533 815 
533 938 
533 946 
533 957 
534 598 
534 649 
534 736 
534 742 
534 790 
535 747 
535 797 
535 843 
535 884 
535 894 
535 916 
535 949 
535 975 
536 638 
536 683 
536 897 
537 799 
537 885 
537 913 
537 994 
538 552 
538 569 
538 572 
538 717 
538 772 
539 566 
539 613 
539 868 
540 541 
540 694 
540 738 
540 748 
540 785 
541 582 
541 694 
541 700 
541 738 
541 748 
541 785 
542 689 
542 719 
542 793 
542 861 
542 869 
543 627 
543 663 
543 682 
543 757 
543 877 
543 971 
544 696 
544 774 
544 856 
545 596 
545 639 
545 834 
545 995 
546 552 
546 569 
546 572 
546 717 
546 892 
546 901 
547 662 
547 684 
547 722 
547 969 
548 620 
548 903 
549 627 
549 663 
549 757 
549 971 
550 578 
550 667 
550 671 
550 775 
550 821 
550 867 
551 558 
551 706 
551 740 
551 820 
552 569 
552 572 
553 562 
553 575 
553 678 
553 874 
554 641 
554 899 
554 909 
554 919 
554 937 
555 587 
555 787 
555 984 
556 566 
556 574 
556 613 
556 707 
556 734 
557 605 
557 648 
557 662 
557 722 
557 889 
558 740 
559 581 
559 631 
559 673 
559 703 
559 758 
559 826 
559 977 
560 584 
560 829 
560 906 
560 911 
560 955 
561 653 
561 708 
561 712 
561 827 
561 837 
562 619 
562 678 
562 874 
563 669 
563 743 
563 751 
563 779 
563 793 
564 584 
564 812 
564 906 
564 911 
564 955 
565 801 
565 817 
565 846 
565 864 
565 944 
566 613 
566 868 
567 627 
567 663 
567 682 
567 757 
567 877 
567 971 
568 692 
568 766 
568 844 
568 904 
568 950 
569 572 
569 717 
569 839 
570 679 
570 789 
571 590 
571 643 
571 656 
571 676 
571 822 
571 851 
572 717 
572 772 
573 731 
573 740 
574 612 
574 613 
574 707 
574 858 
575 587 
575 984 
576 622 
576 624 
576 650 
576 693 
576 804 
576 871 
577 586 
577 600 
577 617 
577 629 
578 671 
578 775 
578 821 
578 867 
578 952 
579 938 
579 957 
579 972 
580 590 
580 643 
580 656 
580 676 
580 695 
580 822 
580 851 
581 631 
581 703 
581 710 
581 826 
581 977 
582 738 
582 748 
582 785 
582 898 
583 807 
583 996 
583 997 
584 829 
584 906 
584 980 
585 879 
586 617 
586 629 
586 743 
586 751 
587 755 
587 984 
588 778 
588 879 
589 598 
589 770 
589 777 
589 795 
589 814 
590 594 
590 680 
590 695 
590 713 
590 851 
591 651 
591 665 
591 810 
591 882 
592 761 
592 908 
593 730 
593 918 
593 998 
594 656 
594 676 
594 680 
594 713 
594 947 
594 959 
595 602 
595 854 
595 902 
595 914 
596 715 
596 834 
596 849 
596 995 
597 605 
597 648 
597 691 
597 805 
598 649 
598 742 
598 770 
598 777 
599 621 
599 991 
599 997 
600 617 
600 629 
600 723 
601 652 
601 671 
601 677 
601 698 
602 687 
602 761 
602 854 
603 653 
603 796 
603 798 
603 827 
603 837 
603 911 
603 955 
604 711 
605 691 
605 805 
605 889 
605 961 
606 690 
606 705 
606 974 
607 612 
607 710 
607 758 
607 763 
607 796 
607 853 
608 668 
608 692 
608 716 
608 929 
608 930 
609 704 
609 899 
609 919 
609 992 
610 616 
610 664 
610 733 
611 936 
611 960 
612 653 
612 796 
612 853 
613 707 
613 868 
614 754 
614 784 
614 807 
614 913 
615 636 
615 686 
615 720 
615 759 
615 815 
615 965 
615 990 
616 669 
616 733 
617 629 
618 625 
618 855 
618 985 
619 678 
619 874 
620 789 
620 823 
621 642 
621 922 
621 991 
621 996 
621 997 
622 624 
622 650 
622 693 
622 804 
622 871 
623 813 
623 862 
623 873 
623 905 
624 650 
624 871 
624 912 
625 728 
625 749 
625 923 
626 829 
626 875 
626 906 
626 980 
627 663 
627 682 
627 757 
627 877 
627 971 
628 702 
628 786 
628 928 
629 743 
629 751 
629 779 
630 756 
630 768 
630 915 
631 637 
631 703 
631 710 
631 758 
631 826 
632 651 
632 659 
632 782 
632 806 
632 824 
632 895 
633 714 
633 970 
634 687 
634 709 
634 902 
635 885 
635 913 
635 994 
636 675 
636 686 
636 759 
636 873 
636 965 
636 990 
637 710 
637 758 
637 826 
637 988 
638 683 
638 816 
638 920 
639 715 
639 849 
639 995 
640 720 
640 815 
640 946 
640 953 
640 972 
641 817 
641 909 
642 784 
642 997 
643 695 
643 776 
643 851 
644 711 
644 781 
645 649 
645 736 
645 790 
645 931 
646 647 
646 652 
646 698 
646 828 
646 830 
647 652 
647 698 
647 828 
647 989 
648 691 
648 805 
648 886 
649 736 
649 790 
650 804 
650 891 
651 659 
651 661 
651 810 
651 882 
652 828 
652 830 
653 763 
653 827 
653 837 
654 721 
654 781 
654 943 
654 982 
655 764 
655 977 
656 676 
656 680 
656 695 
656 851 
656 947 
657 809 
657 824 
657 839 
657 895 
658 708 
658 712 
658 868 
659 661 
659 882 
659 895 
660 685 
660 819 
660 856 
661 665 
662 691 
662 722 
662 859 
662 886 
663 757 
663 971 
663 991 
664 733 
665 810 
665 882 
665 892 
666 688 
666 724 
666 876 
667 671 
667 775 
667 821 
667 952 
668 692 
668 752 
668 929 
668 930 
668 983 
669 743 
669 751 
669 779 
670 803 
670 966 
671 677 
671 775 
671 920 
672 800 
672 833 
672 988 
673 764 
673 826 
673 866 
673 977 
674 834 
674 995 
675 686 
675 728 
675 759 
675 990 
676 680 
676 695 
676 713 
676 851 
677 775 
677 816 
677 920 
679 701 
679 841 
680 695 
680 947 
680 959 
681 801 
681 817 
681 846 
681 900 
681 944 
682 757 
682 971 
683 816 
683 897 
683 920 
684 722 
684 927 
684 969 
685 794 
685 856 
685 894 
686 720 
686 759 
686 965 
686 990 
687 709 
687 908 
687 935 
688 724 
688 792 
689 765 
689 793 
689 847 
689 861 
689 869 
690 705 
690 773 
690 974 
691 722 
691 889 
692 766 
692 799 
692 844 
692 930 
693 726 
693 802 
693 848 
693 871 
693 893 
694 700 
694 727 
694 738 
694 785 
694 838 
694 967 
695 822 
696 856 
696 943 
697 732 
697 768 
697 788 
697 915 
697 940 
697 954 
697 986 
698 828 
698 830 
699 780 
699 887 
699 917 
699 932 
699 968 
700 785 
700 838 
700 967 
701 845 
701 925 
701 958 
702 746 
702 786 
702 910 
703 710 
703 758 
703 826 
703 977 
704 791 
704 954 
704 986 
704 992 
705 718 
705 974 
706 749 
706 905 
706 936 
707 858 
707 868 
708 712 
708 868 
709 908 
709 935 
710 758 
710 763 
710 853 
711 878 
712 837 
712 868 
713 947 
713 959 
714 970 
715 719 
715 861 
715 995 
716 799 
716 885 
716 929 
718 776 
718 881 
719 765 
719 861 
720 759 
720 815 
720 946 
720 990 
721 774 
721 966 
721 982 
722 886 
722 927 
723 883 
724 753 
724 792 
725 821 
726 802 
726 848 
726 860 
726 871 
727 838 
727 850 
727 933 
727 967 
728 749 
729 736 
729 742 
729 939 
729 964 
730 998 
731 740 
731 820 
732 747 
732 768 
732 797 
732 843 
732 884 
732 915 
732 916 
732 949 
732 975 
734 914 
735 889 
735 961 
736 790 
737 747 
737 756 
737 797 
737 811 
737 976 
737 1001 
738 859 
738 898 
739 937 
739 940 
741 781 
741 924 
741 982 
742 777 
744 764 
744 835 
744 925 
745 888 
745 912 
745 962 
745 974 
746 767 
746 818 
746 836 
746 910 
747 756 
747 768 
747 797 
747 884 
747 916 
747 949 
747 975 
747 1001 
748 859 
748 898 
749 813 
749 880 
750 903 
750 918 
753 870 
753 876 
754 907 
755 849 
755 984 
756 768 
756 797 
756 1001 
757 877 
757 971 
758 826 
759 990 
760 771 
760 998 
761 908 
762 816 
762 920 
763 796 
764 845 
764 925 
765 787 
765 861 
766 819 
766 844 
766 894 
766 904 
766 930 
766 950 
767 804 
767 818 
767 836 
768 1001 
769 842 
769 874 
769 941 
771 998 
772 809 
773 840 
773 888 
773 978 
774 803 
774 966 
776 822 
776 881 
778 829 
778 875 
778 980 
780 887 
780 917 
780 968 
781 982 
782 806 
782 999 
783 971 
784 807 
784 907 
784 913 
784 996 
785 838 
785 967 
786 910 
786 928 
787 934 
788 791 
788 940 
788 986 
790 931 
791 954 
791 986 
791 992 
792 809 
793 861 
793 869 
794 819 
794 894 
795 981 
796 798 
796 837 
796 853 
797 843 
797 884 
797 916 
797 949 
797 975 
798 812 
798 911 
799 844 
799 885 
799 950 
800 833 
800 938 
800 987 
800 993 
801 817 
801 825 
801 846 
801 864 
801 900 
802 848 
802 860 
802 893 
803 951 
803 966 
804 836 
805 889 
806 895 
806 999 
807 996 
807 997 
808 857 
808 921 
811 953 
812 911 
812 977 
813 905 
813 936 
814 981 
815 946 
816 897 
816 920 
817 846 
817 864 
817 944 
818 910 
819 894 
819 904 
821 952 
824 839 
824 895 
825 846 
825 900 
825 944 
826 945 
827 831 
827 837 
827 955 
827 956 
828 830 
828 989 
829 875 
829 906 
829 980 
830 989 
831 906 
831 955 
831 956 
832 862 
832 873 
832 905 
833 988 
834 849 
835 977 
836 910 
837 956 
838 933 
838 967 
839 895 
840 888 
840 962 
840 978 
841 852 
841 963 
842 941 
843 884 
843 916 
843 949 
843 975 
844 930 
845 852 
845 925 
846 864 
847 861 
847 869 
848 860 
848 893 
849 995 
850 933 
852 866 
852 925 
852 963 
854 902 
854 935 
855 923 
855 985 
857 921 
859 898 
860 893 
860 928 
861 869 
862 873 
862 905 
863 890 
863 979 
864 944 
865 929 
865 934 
866 963 
871 893 
872 926 
873 905 
875 906 
875 980 
877 971 
880 905 
880 936 
884 894 
885 994 
886 889 
887 917 
887 932 
888 962 
888 974 
889 961 
890 979 
891 962 
892 901 
894 949 
896 998 
897 920 
899 992 
900 942 
902 935 
904 930 
907 913 
908 979 
909 919 
909 937 
911 955 
912 974 
913 994 
915 1001 
916 949 
916 975 
917 932 
918 973 
919 992 
922 997 
923 985 
925 958 
927 969 
930 950 
930 983 
932 968 
933 967 
933 1000 
935 979 
936 985 
938 946 
938 957 
940 954 
940 992 
943 948 
945 988 
946 957 
946 972 
947 959 
951 966 
953 972 
953 976 
954 992 
955 956 
957 972 
965 990 
967 1000 
968 1000 
986 992 
991 997 
996 997 
